0 371.024
0.01 371.55
0.02 372.065
0.03 372.569
0.04 373.063
0.05 373.547
0.06 374.019
0.07 374.482
0.08 374.934
0.09 375.375
0.1 375.806
0.11 376.226
0.12 376.636
0.13 377.036
0.14 377.426
0.15 377.805
0.16 378.174
0.17 378.532
0.18 378.881
0.19 379.219
0.2 379.547
0.21 379.864
0.22 380.172
0.23 380.469
0.24 380.756
0.25 381.033
0.26 381.3
0.27 381.556
0.28 381.803
0.29 382.039
0.3 382.265
0.31 382.482
0.32 382.687
0.33 382.883
0.34 383.069
0.35 383.244
0.36 383.41
0.37 383.565
0.38 383.71
0.39 383.845
0.4 383.97
0.41 384.084
0.42 384.188
0.43 384.282
0.44 384.366
0.45 384.44
0.46 384.503
0.47 384.556
0.48 384.599
0.49 384.631
0.5 384.654
0.51 384.665
0.52 384.667
0.53 384.658
0.54 384.638
0.55 384.608
0.56 384.567
0.57 384.516
0.58 384.455
0.59 384.383
0.6 384.3
0.61 384.206
0.62 384.102
0.63 383.987
0.64 383.861
0.65 383.724
0.66 383.576
0.67 383.418
0.68 383.248
0.69 383.067
0.7 382.876
0.71 382.673
0.72 382.458
0.73 382.233
0.74 381.996
0.75 381.748
0.76 381.488
0.77 381.217
0.78 380.934
0.79 380.639
0.8 380.332
0.81 380.014
0.82 379.684
0.83 379.341
0.84 378.987
0.85 378.62
0.86 378.241
0.87 377.849
0.88 377.445
0.89 377.028
0.9 376.599
0.91 376.157
0.92 375.701
0.93 375.233
0.94 374.751
0.95 374.256
0.96 373.748
0.97 373.226
0.98 372.69
0.99 372.14
1 371.576
1.01 370.998
