0 999.292
0.01 1000.71
0.02 1002.1
0.03 1003.45
0.04 1004.78
0.05 1006.09
0.06 1007.36
0.07 1008.61
0.08 1009.82
0.09 1011.01
0.1 1012.17
0.11 1013.3
0.12 1014.41
0.13 1015.49
0.14 1016.53
0.15 1017.56
0.16 1018.55
0.17 1019.51
0.18 1020.45
0.19 1021.36
0.2 1022.25
0.21 1023.1
0.22 1023.93
0.23 1024.73
0.24 1025.5
0.25 1026.25
0.26 1026.97
0.27 1027.66
0.28 1028.32
0.29 1028.96
0.3 1029.57
0.31 1030.15
0.32 1030.71
0.33 1031.23
0.34 1031.73
0.35 1032.21
0.36 1032.65
0.37 1033.07
0.38 1033.46
0.39 1033.82
0.4 1034.16
0.41 1034.47
0.42 1034.75
0.43 1035
0.44 1035.23
0.45 1035.43
0.46 1035.6
0.47 1035.74
0.48 1035.85
0.49 1035.94
0.5 1036
0.51 1036.03
0.52 1036.04
0.53 1036.01
0.54 1035.96
0.55 1035.88
0.56 1035.77
0.57 1035.63
0.58 1035.47
0.59 1035.27
0.6 1035.05
0.61 1034.8
0.62 1034.51
0.63 1034.21
0.64 1033.87
0.65 1033.5
0.66 1033.1
0.67 1032.67
0.68 1032.22
0.69 1031.73
0.7 1031.21
0.71 1030.67
0.72 1030.09
0.73 1029.48
0.74 1028.84
0.75 1028.17
0.76 1027.48
0.77 1026.74
0.78 1025.98
0.79 1025.19
0.8 1024.36
0.81 1023.51
0.82 1022.62
0.83 1021.69
0.84 1020.74
0.85 1019.75
0.86 1018.73
0.87 1017.67
0.88 1016.59
0.89 1015.46
0.9 1014.31
0.91 1013.12
0.92 1011.89
0.93 1010.63
0.94 1009.33
0.95 1008
0.96 1006.63
0.97 1005.22
0.98 1003.78
0.99 1002.3
1 1000.78
1.01 999.221
