0 1.47393
0.01 1.47393
0.02 4.41974
0.03 7.36361
0.04 10.3056
0.05 13.2459
0.06 16.1845
0.07 19.1215
0.08 22.0571
0.09 24.9913
0.1 27.9241
0.11 30.8558
0.12 33.7863
0.13 36.7159
0.14 39.6444
0.15 42.5722
0.16 45.4991
0.17 48.4254
0.18 51.3511
0.19 54.2763
0.2 57.2011
0.21 60.1256
0.22 63.0498
0.23 65.9739
0.24 68.8979
0.25 71.8219
0.26 74.7461
0.27 77.6704
0.28 80.595
0.29 83.52
0.3 86.4455
0.31 89.3714
0.32 92.2981
0.33 95.2254
0.34 98.1535
0.35 101.083
0.36 104.013
0.37 106.944
0.38 109.876
0.39 112.809
0.4 115.744
0.41 118.681
0.42 121.618
0.43 124.558
0.44 127.499
0.45 130.442
0.46 133.387
0.47 136.333
0.48 139.282
0.49 142.233
0.5 145.187
0.51 148.143
0.52 151.101
0.53 154.062
0.54 157.025
0.55 159.991
0.56 162.96
0.57 165.933
0.58 168.908
0.59 171.886
0.6 174.868
0.61 177.853
0.62 180.842
0.63 183.834
0.64 186.831
0.65 189.831
0.66 192.835
0.67 195.843
0.68 198.855
0.69 201.872
0.7 204.893
0.71 207.919
0.72 210.95
0.73 213.986
0.74 217.026
0.75 220.072
0.76 223.123
0.77 226.18
0.78 229.242
0.79 232.31
0.8 235.384
0.81 238.464
0.82 241.55
0.83 244.643
0.84 247.742
0.85 250.848
0.86 253.961
0.87 257.081
0.88 260.208
0.89 263.343
0.9 266.485
0.91 269.636
0.92 272.794
0.93 275.961
0.94 279.136
0.95 282.32
0.96 285.513
0.97 288.715
0.98 291.927
0.99 295.148
1 298.379
1.01 301.621
