0 1
1 1
2 1
3 1
4 1
5 1
6 1
7 1
8 1
9 0.999999
10 0.999998
11 0.999997
12 0.999995
13 0.999991
14 0.999985
15 0.999974
16 0.999958
17 0.999931
18 0.99989
19 0.999827
20 0.999732
21 0.999594
22 0.999395
23 0.999114
24 0.998725
25 0.998197
26 0.997494
27 0.996577
28 0.995403
29 0.993926
30 0.992104
31 0.989892
32 0.987255
33 0.984159
34 0.98058
35 0.976501
36 0.971915
37 0.966822
38 0.96123
39 0.955154
40 0.948615
41 0.941639
42 0.934254
43 0.926491
44 0.918384
45 0.909963
46 0.901261
47 0.892309
48 0.883137
49 0.873774
50 0.864245
51 0.854575
52 0.844786
53 0.8349
54 0.824935
55 0.814908
56 0.804836
57 0.794732
58 0.78461
59 0.77448
60 0.764353
61 0.754239
62 0.744145
63 0.73408
64 0.72405
65 0.714061
66 0.704119
67 0.694228
68 0.684392
69 0.674617
70 0.664904
71 0.655256
72 0.645678
73 0.63617
74 0.626735
75 0.617375
76 0.608092
77 0.598886
78 0.589759
79 0.580711
80 0.571744
81 0.562858
82 0.554054
83 0.545331
84 0.536691
85 0.528134
86 0.519659
87 0.511267
88 0.502958
89 0.494733
90 0.486594
91 0.478543
92 0.470587
93 0.462737
94 0.455014
95 0.447465
96 0.440187
97 0.433401
98 0.427614
99 0.423823
100 0.422943
101 0.423679
102 0.423905
103 0.424014
104 0.424077
105 0.424116
106 0.42414
107 0.424152
108 0.424155
109 0.424151
110 0.42414
111 0.424122
112 0.424098
113 0.424067
114 0.424031
115 0.423989
116 0.42394
117 0.423885
118 0.423823
119 0.423753
120 0.423674
121 0.423587
122 0.423488
123 0.423375
124 0.423246
125 0.423094
126 0.422912
127 0.422687
128 0.422401
129 0.422029
130 0.421532
131 0.420862
132 0.419951
133 0.418717
134 0.417062
135 0.414873
136 0.412033
137 0.408424
138 0.403944
139 0.398517
140 0.392109
141 0.384733
142 0.376465
143 0.367435
144 0.35783
145 0.347877
146 0.33783
147 0.327947
148 0.318474
149 0.309623
150 0.301561
151 0.294402
152 0.288202
153 0.282967
154 0.278655
155 0.275192
156 0.272479
157 0.270408
158 0.268866
159 0.267748
160 0.26696
161 0.26642
162 0.26606
163 0.26583
164 0.265688
165 0.265604
166 0.265559
167 0.265537
168 0.265529
169 0.265529
170 0.265533
171 0.265538
172 0.265543
173 0.265548
174 0.265551
175 0.265553
176 0.26555
177 0.265539
178 0.265511
179 0.26545
180 0.265315
181 0.265026
182 0.264412
183 0.263119
184 0.260425
185 0.254945
186 0.244301
187 0.225442
188 0.197273
189 0.165638
190 0.141864
191 0.130395
192 0.126499
193 0.125396
194 0.125103
195 0.125027
196 0.125007
197 0.125002
198 0.125
199 0.125
