0 1
1 1
2 1
3 1
4 1
5 1
6 1
7 1
8 0.999999
9 0.999999
10 0.999998
11 0.999996
12 0.999993
13 0.999988
14 0.999979
15 0.999964
16 0.999941
17 0.999903
18 0.999846
19 0.999757
20 0.999625
21 0.999431
22 0.999153
23 0.998759
24 0.998215
25 0.997477
26 0.996494
27 0.995213
28 0.993572
29 0.99151
30 0.988967
31 0.985884
32 0.982212
33 0.977907
34 0.972938
35 0.967285
36 0.960941
37 0.95391
38 0.946209
39 0.937863
40 0.928907
41 0.919379
42 0.909326
43 0.898794
44 0.887832
45 0.876489
46 0.864813
47 0.852849
48 0.840642
49 0.828232
50 0.815657
51 0.802954
52 0.790154
53 0.777286
54 0.764378
55 0.751453
56 0.738532
57 0.725636
58 0.712781
59 0.699983
60 0.687255
61 0.67461
62 0.662058
63 0.649608
64 0.637269
65 0.625048
66 0.61295
67 0.600983
68 0.589149
69 0.577453
70 0.565899
71 0.554489
72 0.543225
73 0.53211
74 0.521145
75 0.510331
76 0.499668
77 0.489158
78 0.478801
79 0.468596
80 0.458544
81 0.448643
82 0.438894
83 0.429296
84 0.419847
85 0.410547
86 0.401395
87 0.39239
88 0.383531
89 0.374819
90 0.366252
91 0.357834
92 0.349569
93 0.341467
94 0.333549
95 0.32586
96 0.318495
97 0.311672
98 0.305889
99 0.302127
100 0.301278
101 0.302042
102 0.302298
103 0.30244
104 0.302537
105 0.302612
106 0.302673
107 0.302725
108 0.302769
109 0.302808
110 0.302843
111 0.302874
112 0.302901
113 0.302925
114 0.302947
115 0.302967
116 0.302984
117 0.303
118 0.303014
119 0.303027
120 0.303038
121 0.303049
122 0.303058
123 0.303066
124 0.303074
125 0.303081
126 0.303087
127 0.303093
128 0.303098
129 0.303102
130 0.303107
131 0.303111
132 0.303114
133 0.303117
134 0.30312
135 0.303123
136 0.303126
137 0.303128
138 0.30313
139 0.303132
140 0.303134
141 0.303135
142 0.303137
143 0.303138
144 0.303139
145 0.30314
146 0.303141
147 0.303142
148 0.303143
149 0.303144
150 0.303144
151 0.303145
152 0.303146
153 0.303146
154 0.303147
155 0.303147
156 0.303147
157 0.303148
158 0.303148
159 0.303148
160 0.303149
161 0.303149
162 0.303149
163 0.303149
164 0.303149
165 0.303149
166 0.303149
167 0.30315
168 0.30315
169 0.303149
170 0.303149
171 0.303149
172 0.303148
173 0.303147
174 0.303145
175 0.30314
176 0.303129
177 0.303107
178 0.303059
179 0.302956
180 0.302737
181 0.302273
182 0.301291
183 0.299225
184 0.294931
185 0.286224
186 0.269425
187 0.240063
188 0.197382
189 0.151815
190 0.120175
191 0.106183
192 0.10169
193 0.100444
194 0.100115
195 0.10003
196 0.100008
197 0.100002
198 0.100001
199 0.1
