0 0
1 4.3008e-09
2 9.02989e-09
3 1.86485e-08
4 3.78799e-08
5 7.5675e-08
6 1.48679e-07
7 2.87257e-07
8 5.45745e-07
9 1.01948e-06
10 1.87242e-06
11 3.38092e-06
12 6.00127e-06
13 1.04712e-05
14 1.79579e-05
15 3.02688e-05
16 5.01395e-05
17 8.16166e-05
18 0.000130546
19 0.000205167
20 0.000316805
21 0.000480626
22 0.000716392
23 0.00104914
24 0.0015097
25 0.00213485
26 0.00296716
27 0.00405425
28 0.00544762
29 0.00720097
30 0.00936816
31 0.012001
32 0.0151471
33 0.0188477
34 0.0231365
35 0.0280383
36 0.0335685
37 0.0397336
38 0.0465312
39 0.0539514
40 0.0619776
41 0.0705881
42 0.0797571
43 0.0894561
44 0.0996549
45 0.110322
46 0.121428
47 0.13294
48 0.144831
49 0.157071
50 0.169635
51 0.182498
52 0.195637
53 0.20903
54 0.222658
55 0.236503
56 0.250549
57 0.264781
58 0.279184
59 0.293747
60 0.308459
61 0.323308
62 0.338287
63 0.353387
64 0.368599
65 0.383918
66 0.399336
67 0.41485
68 0.430452
69 0.44614
70 0.461908
71 0.477753
72 0.493672
73 0.509661
74 0.525719
75 0.541843
76 0.55803
77 0.574279
78 0.590589
79 0.606958
80 0.623385
81 0.639869
82 0.65641
83 0.673006
84 0.689659
85 0.706366
86 0.723129
87 0.739947
88 0.756819
89 0.773742
90 0.790715
91 0.80773
92 0.824775
93 0.841822
94 0.858822
95 0.875668
96 0.892126
97 0.907668
98 0.921074
99 0.929913
100 0.931921
101 0.930115
102 0.92951
103 0.929176
104 0.928947
105 0.928771
106 0.928628
107 0.928507
108 0.928403
109 0.928311
110 0.92823
111 0.928158
112 0.928095
113 0.928038
114 0.927987
115 0.927941
116 0.927901
117 0.927865
118 0.927832
119 0.927803
120 0.927777
121 0.927753
122 0.927732
123 0.927713
124 0.927696
125 0.927681
126 0.927667
127 0.927655
128 0.927643
129 0.927633
130 0.927624
131 0.927616
132 0.927608
133 0.927602
134 0.927596
135 0.92759
136 0.927585
137 0.927581
138 0.927577
139 0.927573
140 0.927569
141 0.927566
142 0.927564
143 0.927561
144 0.927559
145 0.927557
146 0.927555
147 0.927553
148 0.927551
149 0.92755
150 0.927549
151 0.927547
152 0.927546
153 0.927545
154 0.927544
155 0.927543
156 0.927542
157 0.927541
158 0.92754
159 0.927539
160 0.927538
161 0.927537
162 0.927536
163 0.927535
164 0.927534
165 0.927533
166 0.927532
167 0.927531
168 0.92753
169 0.927529
170 0.927528
171 0.927526
172 0.927524
173 0.92752
174 0.927512
175 0.927496
176 0.927464
177 0.927396
178 0.927252
179 0.926945
180 0.926293
181 0.924908
182 0.921969
183 0.915762
184 0.90274
185 0.875812
186 0.821756
187 0.719764
188 0.550336
189 0.33062
190 0.142379
191 0.0457916
192 0.012702
193 0.00335229
194 0.000872441
195 0.0002262
196 5.85849e-05
197 1.51675e-05
198 3.92593e-06
199 0
