0 1
1 0.999696
2 0.999496
3 0.999185
4 0.998713
5 0.998017
6 0.997017
7 0.995618
8 0.993715
9 0.991194
10 0.987937
11 0.983836
12 0.978792
13 0.972728
14 0.965591
15 0.957354
16 0.948018
17 0.937609
18 0.926176
19 0.913784
20 0.900513
21 0.886448
22 0.871681
23 0.856305
24 0.840409
25 0.824078
26 0.807395
27 0.790435
28 0.773265
29 0.755948
30 0.73854
31 0.721091
32 0.703645
33 0.686242
34 0.668916
35 0.651698
36 0.634615
37 0.617691
38 0.600946
39 0.584401
40 0.568071
41 0.551973
42 0.536125
43 0.520544
44 0.505255
45 0.490292
46 0.475713
47 0.461631
48 0.448283
49 0.436243
50 0.426896
51 0.422463
52 0.421911
53 0.421997
54 0.422049
55 0.422036
56 0.421973
57 0.421865
58 0.42171
59 0.421497
60 0.421204
61 0.420792
62 0.420194
63 0.419309
64 0.417992
65 0.416049
66 0.413243
67 0.409312
68 0.404008
69 0.397139
70 0.388621
71 0.378515
72 0.367048
73 0.354605
74 0.341685
75 0.328844
76 0.316619
77 0.305466
78 0.295712
79 0.28753
80 0.28095
81 0.275874
82 0.272122
83 0.269468
84 0.267673
85 0.266512
86 0.265788
87 0.265337
88 0.265015
89 0.264688
90 0.264202
91 0.263344
92 0.261779
93 0.258964
94 0.254032
95 0.245709
96 0.232439
97 0.213099
98 0.188651
99 0.125
