0 1
1 0.999574
2 0.999295
3 0.998859
4 0.998199
5 0.997225
6 0.995827
7 0.993873
8 0.991217
9 0.987701
10 0.983167
11 0.977467
12 0.970473
13 0.962087
14 0.952246
15 0.94093
16 0.928157
17 0.91398
18 0.898487
19 0.881785
20 0.864004
21 0.845278
22 0.82575
23 0.805559
24 0.78484
25 0.763719
26 0.742316
27 0.720738
28 0.69908
29 0.67743
30 0.655863
31 0.634446
32 0.613236
33 0.592283
34 0.571629
35 0.551309
36 0.531355
37 0.511792
38 0.492641
39 0.473919
40 0.455642
41 0.437822
42 0.420474
43 0.40361
44 0.387249
45 0.37142
46 0.356176
47 0.34162
48 0.327982
49 0.315818
50 0.306484
51 0.302141
52 0.3017
53 0.301908
54 0.302096
55 0.302234
56 0.30234
57 0.302426
58 0.302499
59 0.302561
60 0.302616
61 0.302665
62 0.302708
63 0.302747
64 0.302783
65 0.302815
66 0.302844
67 0.30287
68 0.302894
69 0.302916
70 0.302936
71 0.302953
72 0.30297
73 0.302984
74 0.302997
75 0.303009
76 0.30302
77 0.30303
78 0.30304
79 0.303048
80 0.303056
81 0.303063
82 0.303068
83 0.30307
84 0.303064
85 0.303045
86 0.302997
87 0.302894
88 0.302688
89 0.302287
90 0.301529
91 0.300125
92 0.297573
93 0.293025
94 0.285129
95 0.271919
96 0.251089
97 0.22126
98 0.184653
99 0.1
