0 0
1 0.000359895
2 0.000596274
3 0.000964519
4 0.00152307
5 0.00234776
6 0.00353297
7 0.00519109
8 0.00744986
9 0.0104476
10 0.0143264
11 0.0192243
12 0.0252673
13 0.0325618
14 0.0411899
15 0.0512058
16 0.0626357
17 0.075479
18 0.0897114
19 0.10529
20 0.122155
21 0.14024
22 0.15947
23 0.179766
24 0.201052
25 0.223252
26 0.246294
27 0.27011
28 0.294637
29 0.319818
30 0.345599
31 0.371934
32 0.398779
33 0.426096
34 0.453849
35 0.482008
36 0.510545
37 0.539434
38 0.568652
39 0.598177
40 0.627987
41 0.658061
42 0.688372
43 0.718888
44 0.749565
45 0.780327
46 0.811044
47 0.841452
48 0.870976
49 0.898219
50 0.919749
51 0.929961
52 0.931007
53 0.930517
54 0.930075
55 0.929751
56 0.929503
57 0.929302
58 0.929134
59 0.928989
60 0.928863
61 0.928752
62 0.928653
63 0.928564
64 0.928484
65 0.928412
66 0.928347
67 0.928289
68 0.928236
69 0.928188
70 0.928145
71 0.928106
72 0.92807
73 0.928038
74 0.928009
75 0.927982
76 0.927958
77 0.927937
78 0.927917
79 0.9279
80 0.927884
81 0.927867
82 0.927849
83 0.927822
84 0.927776
85 0.927689
86 0.92752
87 0.92719
88 0.926551
89 0.925333
90 0.923045
91 0.918812
92 0.91109
93 0.8972
94 0.872635
95 0.83017
96 0.759347
97 0.64826
98 0.491966
99 0
