0 0.0011903
0.00333333 0.00118978
0.00666667 0.00118927
0.01 0.00118876
0.0133333 0.00118826
0.0166667 0.00118775
0.02 0.00118726
0.0233333 0.00118676
0.0266667 0.00118627
0.03 0.00118578
0.0333333 0.0011853
0.0366667 0.00118481
0.04 0.00118433
0.0433333 0.00118386
0.0466667 0.00118339
0.05 0.00118292
0.0533333 0.00118245
0.0566667 0.00118199
0.06 0.00118153
0.0633333 0.00118107
0.0666667 0.00118062
0.07 0.00118017
0.0733333 0.00117973
0.0766667 0.00117928
0.08 0.00117885
0.0833333 0.00117841
0.0866667 0.00117798
0.09 0.00117755
0.0933333 0.00117712
0.0966667 0.0011767
0.1 0.00117628
0.103333 0.00117586
0.106667 0.00117545
0.11 0.00117504
0.113333 0.00117463
0.116667 0.00117423
0.12 0.00117383
0.123333 0.00117343
0.126667 0.00117304
0.13 0.00117265
0.133333 0.00117226
0.136667 0.00117188
0.14 0.0011715
0.143333 0.00117112
0.146667 0.00117075
0.15 0.00117038
0.153333 0.00117001
0.156667 0.00116965
0.16 0.00116929
0.163333 0.00116893
0.166667 0.00116858
0.17 0.00116823
0.173333 0.00116788
0.176667 0.00116754
0.18 0.0011672
0.183333 0.00116686
0.186667 0.00116653
0.19 0.00116619
0.193333 0.00116587
0.196667 0.00116554
0.2 0.00116522
0.203333 0.00116491
0.206667 0.00116459
0.21 0.00116428
0.213333 0.00116397
0.216667 0.00116367
0.22 0.00116337
0.223333 0.00116307
0.226667 0.00116278
0.23 0.00116249
0.233333 0.0011622
0.236667 0.00116192
0.24 0.00116164
0.243333 0.00116136
0.246667 0.00116108
0.25 0.00116081
0.253333 0.00116055
0.256667 0.00116028
0.26 0.00116002
0.263333 0.00115976
0.266667 0.00115951
0.27 0.00115926
0.273333 0.00115901
0.276667 0.00115877
0.28 0.00115853
0.283333 0.00115829
0.286667 0.00115806
0.29 0.00115782
0.293333 0.0011576
0.296667 0.00115737
0.3 0.00115715
0.303333 0.00115694
0.306667 0.00115672
0.31 0.00115651
0.313333 0.0011563
0.316667 0.0011561
0.32 0.0011559
0.323333 0.0011557
0.326667 0.00115551
0.33 0.00115532
0.333333 0.00115513
0.336667 0.00115495
0.34 0.00115477
0.343333 0.00115459
0.346667 0.00115442
0.35 0.00115425
0.353333 0.00115408
0.356667 0.00115392
0.36 0.00115376
0.363333 0.0011536
0.366667 0.00115345
0.37 0.0011533
0.373333 0.00115315
0.376667 0.00115301
0.38 0.00115287
0.383333 0.00115273
0.386667 0.0011526
0.39 0.00115247
0.393333 0.00115234
0.396667 0.00115222
0.4 0.0011521
0.403333 0.00115198
0.406667 0.00115187
0.41 0.00115176
0.413333 0.00115166
0.416667 0.00115155
0.42 0.00115145
0.423333 0.00115136
0.426667 0.00115127
0.43 0.00115118
0.433333 0.00115109
0.436667 0.00115101
0.44 0.00115093
0.443333 0.00115086
0.446667 0.00115079
0.45 0.00115072
0.453333 0.00115065
0.456667 0.00115059
0.46 0.00115053
0.463333 0.00115048
0.466667 0.00115043
0.47 0.00115038
0.473333 0.00115034
0.476667 0.0011503
0.48 0.00115026
0.483333 0.00115023
0.486667 0.0011502
0.49 0.00115017
0.493333 0.00115015
0.496667 0.00115013
0.5 0.00115011
0.503333 0.0011501
0.506667 0.00115009
0.51 0.00115008
0.513333 0.00115008
0.516667 0.00115008
0.52 0.00115009
0.523333 0.0011501
0.526667 0.00115011
0.53 0.00115012
0.533333 0.00115014
0.536667 0.00115017
0.54 0.00115019
0.543333 0.00115022
0.546667 0.00115025
0.55 0.00115029
0.553333 0.00115033
0.556667 0.00115037
0.56 0.00115042
0.563333 0.00115047
0.566667 0.00115053
0.57 0.00115058
0.573333 0.00115064
0.576667 0.00115071
0.58 0.00115078
0.583333 0.00115085
0.586667 0.00115093
0.59 0.00115101
0.593333 0.00115109
0.596667 0.00115117
0.6 0.00115126
0.603333 0.00115136
0.606667 0.00115145
0.61 0.00115156
0.613333 0.00115166
0.616667 0.00115177
0.62 0.00115188
0.623333 0.00115199
0.626667 0.00115211
0.63 0.00115224
0.633333 0.00115236
0.636667 0.00115249
0.64 0.00115262
0.643333 0.00115276
0.646667 0.0011529
0.65 0.00115305
0.653333 0.00115319
0.656667 0.00115335
0.66 0.0011535
0.663333 0.00115366
0.666667 0.00115382
0.67 0.00115399
0.673333 0.00115416
0.676667 0.00115433
0.68 0.00115451
0.683333 0.00115469
0.686667 0.00115488
0.69 0.00115507
0.693333 0.00115526
0.696667 0.00115545
0.7 0.00115565
0.703333 0.00115586
0.706667 0.00115606
0.71 0.00115627
0.713333 0.00115649
0.716667 0.00115671
0.72 0.00115693
0.723333 0.00115716
0.726667 0.00115739
0.73 0.00115762
0.733333 0.00115786
0.736667 0.0011581
0.74 0.00115834
0.743333 0.00115859
0.746667 0.00115884
0.75 0.0011591
0.753333 0.00115936
0.756667 0.00115963
0.76 0.00115989
0.763333 0.00116017
0.766667 0.00116044
0.77 0.00116072
0.773333 0.001161
0.776667 0.00116129
0.78 0.00116158
0.783333 0.00116188
0.786667 0.00116218
0.79 0.00116248
0.793333 0.00116279
0.796667 0.0011631
0.8 0.00116341
0.803333 0.00116373
0.806667 0.00116405
0.81 0.00116438
0.813333 0.00116471
0.816667 0.00116504
0.82 0.00116538
0.823333 0.00116572
0.826667 0.00116607
0.83 0.00116642
0.833333 0.00116677
0.836667 0.00116713
0.84 0.00116749
0.843333 0.00116786
0.846667 0.00116823
0.85 0.0011686
0.853333 0.00116898
0.856667 0.00116936
0.86 0.00116975
0.863333 0.00117014
0.866667 0.00117053
0.87 0.00117093
0.873333 0.00117134
0.876667 0.00117174
0.88 0.00117215
0.883333 0.00117257
0.886667 0.00117299
0.89 0.00117341
0.893333 0.00117384
0.896667 0.00117427
0.9 0.0011747
0.903333 0.00117514
0.906667 0.00117559
0.91 0.00117604
0.913333 0.00117649
0.916667 0.00117694
0.92 0.00117741
0.923333 0.00117787
0.926667 0.00117834
0.93 0.00117881
0.933333 0.00117929
0.936667 0.00117977
0.94 0.00118026
0.943333 0.00118075
0.946667 0.00118124
0.95 0.00118174
0.953333 0.00118225
0.956667 0.00118275
0.96 0.00118327
0.963333 0.00118378
0.966667 0.0011843
0.97 0.00118483
0.973333 0.00118536
0.976667 0.00118589
0.98 0.00118643
0.983333 0.00118697
0.986667 0.00118752
0.99 0.00118807
0.993333 0.00118863
0.996667 0.00118919
1 0.00118975
1.00333 0.00119032
