0 247.685
0.00333333 247.685
0.00666667 247.685
0.01 247.685
0.0133333 247.685
0.0166667 247.685
0.02 247.685
0.0233333 247.685
0.0266667 247.685
0.03 247.685
0.0333333 247.685
0.0366667 247.685
0.04 247.685
0.0433333 247.685
0.0466667 247.685
0.05 247.685
0.0533333 247.685
0.0566667 247.685
0.06 247.685
0.0633333 247.685
0.0666667 247.685
0.07 247.685
0.0733333 247.685
0.0766667 247.685
0.08 247.685
0.0833333 247.685
0.0866667 247.685
0.09 247.685
0.0933333 247.685
0.0966667 247.685
0.1 247.685
0.103333 247.685
0.106667 247.685
0.11 247.685
0.113333 247.685
0.116667 247.685
0.12 247.685
0.123333 247.685
0.126667 247.685
0.13 247.685
0.133333 247.685
0.136667 247.685
0.14 247.685
0.143333 247.685
0.146667 247.685
0.15 247.685
0.153333 247.685
0.156667 247.685
0.16 247.685
0.163333 247.685
0.166667 247.685
0.17 247.685
0.173333 247.685
0.176667 247.685
0.18 247.685
0.183333 247.685
0.186667 247.685
0.19 247.685
0.193333 247.685
0.196667 247.685
0.2 247.685
0.203333 247.685
0.206667 247.685
0.21 247.685
0.213333 247.685
0.216667 247.685
0.22 247.685
0.223333 247.685
0.226667 247.685
0.23 247.685
0.233333 247.685
0.236667 247.685
0.24 247.685
0.243333 247.685
0.246667 247.685
0.25 247.685
0.253333 247.685
0.256667 247.685
0.26 247.685
0.263333 247.685
0.266667 247.685
0.27 247.685
0.273333 247.685
0.276667 247.685
0.28 247.685
0.283333 247.685
0.286667 247.685
0.29 247.685
0.293333 247.685
0.296667 247.685
0.3 247.685
0.303333 247.685
0.306667 247.685
0.31 247.685
0.313333 247.685
0.316667 247.685
0.32 247.685
0.323333 247.685
0.326667 247.685
0.33 247.685
0.333333 247.685
0.336667 247.685
0.34 247.685
0.343333 247.685
0.346667 247.685
0.35 247.685
0.353333 247.685
0.356667 247.685
0.36 247.685
0.363333 247.685
0.366667 247.685
0.37 247.685
0.373333 247.685
0.376667 247.685
0.38 247.685
0.383333 247.685
0.386667 247.685
0.39 247.685
0.393333 247.685
0.396667 247.685
0.4 247.685
0.403333 247.685
0.406667 247.685
0.41 247.685
0.413333 247.685
0.416667 247.685
0.42 247.685
0.423333 247.685
0.426667 247.685
0.43 247.685
0.433333 247.685
0.436667 247.685
0.44 247.685
0.443333 247.685
0.446667 247.685
0.45 247.685
0.453333 247.685
0.456667 247.685
0.46 247.685
0.463333 247.685
0.466667 247.685
0.47 247.685
0.473333 247.685
0.476667 247.685
0.48 247.685
0.483333 247.685
0.486667 247.685
0.49 247.685
0.493333 247.685
0.496667 247.685
0.5 247.685
0.503333 247.685
0.506667 247.685
0.51 247.685
0.513333 247.685
0.516667 247.685
0.52 247.685
0.523333 247.685
0.526667 247.685
0.53 247.685
0.533333 247.685
0.536667 247.685
0.54 247.685
0.543333 247.685
0.546667 247.685
0.55 247.685
0.553333 247.685
0.556667 247.685
0.56 247.685
0.563333 247.685
0.566667 247.685
0.57 247.685
0.573333 247.685
0.576667 247.685
0.58 247.685
0.583333 247.685
0.586667 247.685
0.59 247.685
0.593333 247.685
0.596667 247.685
0.6 247.685
0.603333 247.685
0.606667 247.685
0.61 247.685
0.613333 247.685
0.616667 247.685
0.62 247.685
0.623333 247.685
0.626667 247.685
0.63 247.685
0.633333 247.685
0.636667 247.685
0.64 247.685
0.643333 247.685
0.646667 247.685
0.65 247.685
0.653333 247.685
0.656667 247.685
0.66 247.685
0.663333 247.685
0.666667 247.685
0.67 247.685
0.673333 247.685
0.676667 247.685
0.68 247.685
0.683333 247.685
0.686667 247.685
0.69 247.685
0.693333 247.685
0.696667 247.685
0.7 247.685
0.703333 247.685
0.706667 247.685
0.71 247.685
0.713333 247.685
0.716667 247.685
0.72 247.685
0.723333 247.685
0.726667 247.685
0.73 247.685
0.733333 247.685
0.736667 247.685
0.74 247.685
0.743333 247.685
0.746667 247.685
0.75 247.685
0.753333 247.685
0.756667 247.685
0.76 247.685
0.763333 247.685
0.766667 247.685
0.77 247.685
0.773333 247.685
0.776667 247.685
0.78 247.685
0.783333 247.685
0.786667 247.685
0.79 247.685
0.793333 247.685
0.796667 247.685
0.8 247.685
0.803333 247.685
0.806667 247.685
0.81 247.685
0.813333 247.685
0.816667 247.685
0.82 247.685
0.823333 247.685
0.826667 247.685
0.83 247.685
0.833333 247.685
0.836667 247.685
0.84 247.685
0.843333 247.685
0.846667 247.685
0.85 247.685
0.853333 247.685
0.856667 247.685
0.86 247.685
0.863333 247.685
0.866667 247.685
0.87 247.685
0.873333 247.685
0.876667 247.685
0.88 247.685
0.883333 247.685
0.886667 247.685
0.89 247.685
0.893333 247.685
0.896667 247.685
0.9 247.685
0.903333 247.685
0.906667 247.685
0.91 247.685
0.913333 247.685
0.916667 247.685
0.92 247.685
0.923333 247.685
0.926667 247.685
0.93 247.685
0.933333 247.685
0.936667 247.685
0.94 247.685
0.943333 247.685
0.946667 247.685
0.95 247.685
0.953333 247.685
0.956667 247.685
0.96 247.685
0.963333 247.685
0.966667 247.685
0.97 247.685
0.973333 247.685
0.976667 247.685
0.98 247.685
0.983333 247.685
0.986667 247.685
0.99 247.685
0.993333 247.685
0.996667 247.685
1 247.685
1.00333 247.685
