0 999.784
0.00333333 1000.22
0.00666667 1000.65
0.01 1001.07
0.0133333 1001.5
0.0166667 1001.92
0.02 1002.34
0.0233333 1002.76
0.0266667 1003.18
0.03 1003.59
0.0333333 1004
0.0366667 1004.41
0.04 1004.82
0.0433333 1005.22
0.0466667 1005.62
0.05 1006.02
0.0533333 1006.42
0.0566667 1006.81
0.06 1007.2
0.0633333 1007.59
0.0666667 1007.98
0.07 1008.36
0.0733333 1008.74
0.0766667 1009.12
0.08 1009.5
0.0833333 1009.87
0.0866667 1010.24
0.09 1010.61
0.0933333 1010.97
0.0966667 1011.34
0.1 1011.7
0.103333 1012.06
0.106667 1012.41
0.11 1012.77
0.113333 1013.12
0.116667 1013.46
0.12 1013.81
0.123333 1014.15
0.126667 1014.49
0.13 1014.83
0.133333 1015.16
0.136667 1015.5
0.14 1015.83
0.143333 1016.15
0.146667 1016.48
0.15 1016.8
0.153333 1017.12
0.156667 1017.43
0.16 1017.75
0.163333 1018.06
0.166667 1018.37
0.17 1018.67
0.173333 1018.97
0.176667 1019.27
0.18 1019.57
0.183333 1019.87
0.186667 1020.16
0.19 1020.45
0.193333 1020.73
0.196667 1021.02
0.2 1021.3
0.203333 1021.58
0.206667 1021.85
0.21 1022.12
0.213333 1022.39
0.216667 1022.66
0.22 1022.92
0.223333 1023.19
0.226667 1023.44
0.23 1023.7
0.233333 1023.95
0.236667 1024.2
0.24 1024.45
0.243333 1024.7
0.246667 1024.94
0.25 1025.18
0.253333 1025.41
0.256667 1025.65
0.26 1025.88
0.263333 1026.1
0.266667 1026.33
0.27 1026.55
0.273333 1026.77
0.276667 1026.99
0.28 1027.2
0.283333 1027.41
0.286667 1027.62
0.29 1027.82
0.293333 1028.02
0.296667 1028.22
0.3 1028.42
0.303333 1028.61
0.306667 1028.8
0.31 1028.99
0.313333 1029.17
0.316667 1029.36
0.32 1029.53
0.323333 1029.71
0.326667 1029.88
0.33 1030.05
0.333333 1030.22
0.336667 1030.38
0.34 1030.54
0.343333 1030.7
0.346667 1030.86
0.35 1031.01
0.353333 1031.16
0.356667 1031.3
0.36 1031.45
0.363333 1031.59
0.366667 1031.72
0.37 1031.86
0.373333 1031.99
0.376667 1032.12
0.38 1032.24
0.383333 1032.37
0.386667 1032.48
0.39 1032.6
0.393333 1032.71
0.396667 1032.82
0.4 1032.93
0.403333 1033.03
0.406667 1033.14
0.41 1033.23
0.413333 1033.33
0.416667 1033.42
0.42 1033.51
0.423333 1033.59
0.426667 1033.68
0.43 1033.76
0.433333 1033.83
0.436667 1033.91
0.44 1033.98
0.443333 1034.04
0.446667 1034.11
0.45 1034.17
0.453333 1034.23
0.456667 1034.28
0.46 1034.34
0.463333 1034.38
0.466667 1034.43
0.47 1034.47
0.473333 1034.51
0.476667 1034.55
0.48 1034.58
0.483333 1034.61
0.486667 1034.64
0.49 1034.66
0.493333 1034.68
0.496667 1034.7
0.5 1034.72
0.503333 1034.73
0.506667 1034.73
0.51 1034.74
0.513333 1034.74
0.516667 1034.74
0.52 1034.74
0.523333 1034.73
0.526667 1034.72
0.53 1034.7
0.533333 1034.69
0.536667 1034.67
0.54 1034.64
0.543333 1034.62
0.546667 1034.59
0.55 1034.55
0.553333 1034.52
0.556667 1034.48
0.56 1034.44
0.563333 1034.39
0.566667 1034.34
0.57 1034.29
0.573333 1034.24
0.576667 1034.18
0.58 1034.12
0.583333 1034.05
0.586667 1033.98
0.59 1033.91
0.593333 1033.84
0.596667 1033.76
0.6 1033.68
0.603333 1033.6
0.606667 1033.51
0.61 1033.42
0.613333 1033.32
0.616667 1033.23
0.62 1033.13
0.623333 1033.02
0.626667 1032.92
0.63 1032.81
0.633333 1032.7
0.636667 1032.58
0.64 1032.46
0.643333 1032.34
0.646667 1032.21
0.65 1032.08
0.653333 1031.95
0.656667 1031.81
0.66 1031.67
0.663333 1031.53
0.666667 1031.39
0.67 1031.24
0.673333 1031.09
0.676667 1030.93
0.68 1030.77
0.683333 1030.61
0.686667 1030.45
0.69 1030.28
0.693333 1030.11
0.696667 1029.93
0.7 1029.75
0.703333 1029.57
0.706667 1029.39
0.71 1029.2
0.713333 1029.01
0.716667 1028.81
0.72 1028.62
0.723333 1028.42
0.726667 1028.21
0.73 1028
0.733333 1027.79
0.736667 1027.58
0.74 1027.36
0.743333 1027.14
0.746667 1026.92
0.75 1026.69
0.753333 1026.46
0.756667 1026.23
0.76 1025.99
0.763333 1025.75
0.766667 1025.51
0.77 1025.26
0.773333 1025.01
0.776667 1024.75
0.78 1024.5
0.783333 1024.24
0.786667 1023.97
0.79 1023.71
0.793333 1023.44
0.796667 1023.16
0.8 1022.89
0.803333 1022.61
0.806667 1022.32
0.81 1022.04
0.813333 1021.75
0.816667 1021.46
0.82 1021.16
0.823333 1020.86
0.826667 1020.56
0.83 1020.25
0.833333 1019.94
0.836667 1019.63
0.84 1019.31
0.843333 1018.99
0.846667 1018.67
0.85 1018.34
0.853333 1018.01
0.856667 1017.68
0.86 1017.34
0.863333 1017
0.866667 1016.66
0.87 1016.32
0.873333 1015.97
0.876667 1015.61
0.88 1015.26
0.883333 1014.9
0.886667 1014.54
0.89 1014.17
0.893333 1013.8
0.896667 1013.43
0.9 1013.05
0.903333 1012.67
0.906667 1012.29
0.91 1011.91
0.913333 1011.52
0.916667 1011.12
0.92 1010.73
0.923333 1010.33
0.926667 1009.93
0.93 1009.52
0.933333 1009.11
0.936667 1008.7
0.94 1008.29
0.943333 1007.87
0.946667 1007.44
0.95 1007.02
0.953333 1006.59
0.956667 1006.16
0.96 1005.72
0.963333 1005.28
0.966667 1004.84
0.97 1004.4
0.973333 1003.95
0.976667 1003.5
0.98 1003.04
0.983333 1002.58
0.986667 1002.12
0.99 1001.65
0.993333 1001.19
0.996667 1000.71
1 1000.24
1.00333 999.761
