0 -0.470725
0.00333333 0.470725
0.00666667 1.41277
0.01 2.3554
0.0133333 3.29862
0.0166667 4.24242
0.02 5.1868
0.0233333 6.13176
0.0266667 7.0773
0.03 8.02342
0.0333333 8.97011
0.0366667 9.91738
0.04 10.8652
0.0433333 11.8136
0.0466667 12.7626
0.05 13.7121
0.0533333 14.6622
0.0566667 15.6129
0.06 16.5641
0.0633333 17.5159
0.0666667 18.4682
0.07 19.4211
0.0733333 20.3745
0.0766667 21.3285
0.08 22.283
0.0833333 23.2381
0.0866667 24.1937
0.09 25.1499
0.0933333 26.1066
0.0966667 27.0639
0.1 28.0216
0.103333 28.9799
0.106667 29.9388
0.11 30.8982
0.113333 31.8581
0.116667 32.8185
0.12 33.7794
0.123333 34.7409
0.126667 35.7029
0.13 36.6654
0.133333 37.6284
0.136667 38.592
0.14 39.556
0.143333 40.5206
0.146667 41.4857
0.15 42.4512
0.153333 43.4173
0.156667 44.3839
0.16 45.351
0.163333 46.3185
0.166667 47.2866
0.17 48.2552
0.173333 49.2242
0.176667 50.1938
0.18 51.1638
0.183333 52.1343
0.186667 53.1054
0.19 54.0768
0.193333 55.0488
0.196667 56.0212
0.2 56.9942
0.203333 57.9676
0.206667 58.9414
0.21 59.9157
0.213333 60.8905
0.216667 61.8658
0.22 62.8415
0.223333 63.8177
0.226667 64.7944
0.23 65.7715
0.233333 66.749
0.236667 67.727
0.24 68.7055
0.243333 69.6844
0.246667 70.6638
0.25 71.6436
0.253333 72.6238
0.256667 73.6045
0.26 74.5856
0.263333 75.5671
0.266667 76.5491
0.27 77.5316
0.273333 78.5144
0.276667 79.4977
0.28 80.4814
0.283333 81.4655
0.286667 82.45
0.29 83.435
0.293333 84.4204
0.296667 85.4062
0.3 86.3924
0.303333 87.379
0.306667 88.3661
0.31 89.3535
0.313333 90.3413
0.316667 91.3296
0.32 92.3182
0.323333 93.3073
0.326667 94.2967
0.33 95.2865
0.333333 96.2767
0.336667 97.2674
0.34 98.2584
0.343333 99.2497
0.346667 100.242
0.35 101.234
0.353333 102.226
0.356667 103.219
0.36 104.212
0.363333 105.206
0.366667 106.2
0.37 107.194
0.373333 108.189
0.376667 109.184
0.38 110.18
0.383333 111.176
0.386667 112.172
0.39 113.168
0.393333 114.165
0.396667 115.163
0.4 116.16
0.403333 117.158
0.406667 118.156
0.41 119.155
0.413333 120.154
0.416667 121.153
0.42 122.153
0.423333 123.153
0.426667 124.153
0.43 125.154
0.433333 126.155
0.436667 127.156
0.44 128.158
0.443333 129.16
0.446667 130.162
0.45 131.165
0.453333 132.168
0.456667 133.171
0.46 134.175
0.463333 135.178
0.466667 136.183
0.47 137.187
0.473333 138.192
0.476667 139.197
0.48 140.202
0.483333 141.208
0.486667 142.214
0.49 143.22
0.493333 144.227
0.496667 145.234
0.5 146.241
0.503333 147.248
0.506667 148.256
0.51 149.264
0.513333 150.272
0.516667 151.281
0.52 152.289
0.523333 153.298
0.526667 154.308
0.53 155.317
0.533333 156.327
0.536667 157.337
0.54 158.348
0.543333 159.358
0.546667 160.369
0.55 161.381
0.553333 162.392
0.556667 163.404
0.56 164.416
0.563333 165.428
0.566667 166.44
0.57 167.453
0.573333 168.466
0.576667 169.479
0.58 170.492
0.583333 171.506
0.586667 172.52
0.59 173.534
0.593333 174.548
0.596667 175.563
0.6 176.578
0.603333 177.593
0.606667 178.608
0.61 179.623
0.613333 180.639
0.616667 181.655
0.62 182.671
0.623333 183.687
0.626667 184.704
0.63 185.721
0.633333 186.738
0.636667 187.755
0.64 188.772
0.643333 189.79
0.646667 190.808
0.65 191.825
0.653333 192.844
0.656667 193.862
0.66 194.881
0.663333 195.899
0.666667 196.918
0.67 197.937
0.673333 198.957
0.676667 199.976
0.68 200.996
0.683333 202.016
0.686667 203.036
0.69 204.056
0.693333 205.076
0.696667 206.097
0.7 207.117
0.703333 208.138
0.706667 209.159
0.71 210.18
0.713333 211.202
0.716667 212.223
0.72 213.245
0.723333 214.267
0.726667 215.289
0.73 216.311
0.733333 217.333
0.736667 218.356
0.74 219.378
0.743333 220.401
0.746667 221.424
0.75 222.447
0.753333 223.47
0.756667 224.494
0.76 225.517
0.763333 226.541
0.766667 227.565
0.77 228.588
0.773333 229.612
0.776667 230.637
0.78 231.661
0.783333 232.685
0.786667 233.71
0.79 234.735
0.793333 235.759
0.796667 236.784
0.8 237.809
0.803333 238.834
0.806667 239.86
0.81 240.885
0.813333 241.911
0.816667 242.936
0.82 243.962
0.823333 244.988
0.826667 246.014
0.83 247.04
0.833333 248.066
0.836667 249.092
0.84 250.119
0.843333 251.145
0.846667 252.172
0.85 253.198
0.853333 254.225
0.856667 255.252
0.86 256.279
0.863333 257.306
0.866667 258.333
0.87 259.361
0.873333 260.388
0.876667 261.415
0.88 262.443
0.883333 263.471
0.886667 264.498
0.89 265.526
0.893333 266.554
0.896667 267.582
0.9 268.61
0.903333 269.638
0.906667 270.666
0.91 271.695
0.913333 272.723
0.916667 273.751
0.92 274.78
0.923333 275.808
0.926667 276.837
0.93 277.866
0.933333 278.895
0.936667 279.924
0.94 280.953
0.943333 281.982
0.946667 283.011
0.95 284.04
0.953333 285.069
0.956667 286.098
0.96 287.128
0.963333 288.157
0.966667 289.187
0.97 290.216
0.973333 291.246
0.976667 292.275
0.98 293.305
0.983333 294.335
0.986667 295.365
0.99 296.395
0.993333 297.425
0.996667 298.455
1 299.485
1.00333 300.515
