0 6.29949e-05
0.00333333 -6.29949e-05
0.00666667 -0.000192757
0.01 -0.000327307
0.0133333 -0.000462834
0.0166667 -0.000597806
0.02 -0.000731568
0.0233333 -0.000863845
0.0266667 -0.000994522
0.03 -0.00112355
0.0333333 -0.00125093
0.0366667 -0.00137664
0.04 -0.0015007
0.0433333 -0.00162311
0.0466667 -0.00174388
0.05 -0.00186302
0.0533333 -0.00198053
0.0566667 -0.00209643
0.06 -0.00221071
0.0633333 -0.0023234
0.0666667 -0.00243449
0.07 -0.002544
0.0733333 -0.00265193
0.0766667 -0.00275829
0.08 -0.00286309
0.0833333 -0.00296634
0.0866667 -0.00306805
0.09 -0.00316822
0.0933333 -0.00326685
0.0966667 -0.00336397
0.1 -0.00345958
0.103333 -0.00355367
0.106667 -0.00364627
0.11 -0.00373738
0.113333 -0.00382701
0.116667 -0.00391517
0.12 -0.00400185
0.123333 -0.00408708
0.126667 -0.00417086
0.13 -0.00425319
0.133333 -0.00433409
0.136667 -0.00441356
0.14 -0.00449161
0.143333 -0.00456825
0.146667 -0.00464349
0.15 -0.00471732
0.153333 -0.00478977
0.156667 -0.00486084
0.16 -0.00493054
0.163333 -0.00499886
0.166667 -0.00506584
0.17 -0.00513146
0.173333 -0.00519574
0.176667 -0.00525868
0.18 -0.0053203
0.183333 -0.0053806
0.186667 -0.00543959
0.19 -0.00549727
0.193333 -0.00555366
0.196667 -0.00560876
0.2 -0.00566258
0.203333 -0.00571513
0.206667 -0.00576641
0.21 -0.00581644
0.213333 -0.00586522
0.216667 -0.00591275
0.22 -0.00595905
0.223333 -0.00600413
0.226667 -0.00604799
0.23 -0.00609063
0.233333 -0.00613208
0.236667 -0.00617233
0.24 -0.00621139
0.243333 -0.00624927
0.246667 -0.00628598
0.25 -0.00632152
0.253333 -0.00635591
0.256667 -0.00638915
0.26 -0.00642124
0.263333 -0.00645221
0.266667 -0.00648204
0.27 -0.00651076
0.273333 -0.00653837
0.276667 -0.00656488
0.28 -0.00659029
0.283333 -0.00661461
0.286667 -0.00663785
0.29 -0.00666002
0.293333 -0.00668112
0.296667 -0.00670117
0.3 -0.00672017
0.303333 -0.00673813
0.306667 -0.00675505
0.31 -0.00677095
0.313333 -0.00678582
0.316667 -0.00679969
0.32 -0.00681255
0.323333 -0.00682442
0.326667 -0.0068353
0.33 -0.0068452
0.333333 -0.00685412
0.336667 -0.00686209
0.34 -0.00686909
0.343333 -0.00687514
0.346667 -0.00688025
0.35 -0.00688443
0.353333 -0.00688768
0.356667 -0.00689001
0.36 -0.00689143
0.363333 -0.00689194
0.366667 -0.00689156
0.37 -0.00689029
0.373333 -0.00688814
0.376667 -0.00688512
0.38 -0.00688123
0.383333 -0.00687648
0.386667 -0.00687088
0.39 -0.00686444
0.393333 -0.00685717
0.396667 -0.00684907
0.4 -0.00684015
0.403333 -0.00683041
0.406667 -0.00681988
0.41 -0.00680854
0.413333 -0.00679642
0.416667 -0.00678352
0.42 -0.00676984
0.423333 -0.0067554
0.426667 -0.0067402
0.43 -0.00672426
0.433333 -0.00670756
0.436667 -0.00669014
0.44 -0.00667199
0.443333 -0.00665312
0.446667 -0.00663353
0.45 -0.00661325
0.453333 -0.00659227
0.456667 -0.0065706
0.46 -0.00654825
0.463333 -0.00652523
0.466667 -0.00650155
0.47 -0.0064772
0.473333 -0.00645221
0.476667 -0.00642658
0.48 -0.00640032
0.483333 -0.00637343
0.486667 -0.00634592
0.49 -0.00631781
0.493333 -0.00628909
0.496667 -0.00625978
0.5 -0.00622988
0.503333 -0.00619941
0.506667 -0.00616836
0.51 -0.00613675
0.513333 -0.00610459
0.516667 -0.00607189
0.52 -0.00603864
0.523333 -0.00600487
0.526667 -0.00597057
0.53 -0.00593576
0.533333 -0.00590044
0.536667 -0.00586463
0.54 -0.00582832
0.543333 -0.00579153
0.546667 -0.00575427
0.55 -0.00571654
0.553333 -0.00567836
0.556667 -0.00563972
0.56 -0.00560064
0.563333 -0.00556113
0.566667 -0.0055212
0.57 -0.00548085
0.573333 -0.00544008
0.576667 -0.00539892
0.58 -0.00535737
0.583333 -0.00531543
0.586667 -0.00527311
0.59 -0.00523043
0.593333 -0.00518738
0.596667 -0.00514399
0.6 -0.00510025
0.603333 -0.00505618
0.606667 -0.00501178
0.61 -0.00496706
0.613333 -0.00492203
0.616667 -0.0048767
0.62 -0.00483108
0.623333 -0.00478518
0.626667 -0.00473899
0.63 -0.00469254
0.633333 -0.00464584
0.636667 -0.00459888
0.64 -0.00455167
0.643333 -0.00450424
0.646667 -0.00445658
0.65 -0.0044087
0.653333 -0.00436062
0.656667 -0.00431233
0.66 -0.00426386
0.663333 -0.0042152
0.666667 -0.00416637
0.67 -0.00411738
0.673333 -0.00406823
0.676667 -0.00401893
0.68 -0.00396949
0.683333 -0.00391993
0.686667 -0.00387024
0.69 -0.00382044
0.693333 -0.00377054
0.696667 -0.00372055
0.7 -0.00367047
0.703333 -0.00362031
0.706667 -0.00357009
0.71 -0.00351981
0.713333 -0.00346948
0.716667 -0.00341911
0.72 -0.00336871
0.723333 -0.00331829
0.726667 -0.00326785
0.73 -0.00321742
0.733333 -0.00316698
0.736667 -0.00311657
0.74 -0.00306617
0.743333 -0.00301581
0.746667 -0.0029655
0.75 -0.00291523
0.753333 -0.00286503
0.756667 -0.0028149
0.76 -0.00276485
0.763333 -0.00271489
0.766667 -0.00266503
0.77 -0.00261528
0.773333 -0.00256565
0.776667 -0.00251614
0.78 -0.00246678
0.783333 -0.00241756
0.786667 -0.0023685
0.79 -0.00231961
0.793333 -0.0022709
0.796667 -0.00222237
0.8 -0.00217404
0.803333 -0.00212592
0.806667 -0.00207802
0.81 -0.00203035
0.813333 -0.00198291
0.816667 -0.00193572
0.82 -0.00188879
0.823333 -0.00184213
0.826667 -0.00179575
0.83 -0.00174966
0.833333 -0.00170387
0.836667 -0.00165839
0.84 -0.00161323
0.843333 -0.0015684
0.846667 -0.00152392
0.85 -0.00147979
0.853333 -0.00143603
0.856667 -0.00139264
0.86 -0.00134964
0.863333 -0.00130704
0.866667 -0.00126484
0.87 -0.00122307
0.873333 -0.00118173
0.876667 -0.00114083
0.88 -0.00110039
0.883333 -0.00106042
0.886667 -0.00102092
0.89 -0.000981918
0.893333 -0.000943416
0.896667 -0.000905428
0.9 -0.000867968
0.903333 -0.000831046
0.906667 -0.000794675
0.91 -0.000758868
0.913333 -0.000723638
0.916667 -0.000688995
0.92 -0.000654955
0.923333 -0.000621528
0.926667 -0.000588728
0.93 -0.000556568
0.933333 -0.00052506
0.936667 -0.000494218
0.94 -0.000464055
0.943333 -0.000434584
0.946667 -0.000405817
0.95 -0.000377769
0.953333 -0.000350452
0.956667 -0.000323879
0.96 -0.000298064
0.963333 -0.000273019
0.966667 -0.000248756
0.97 -0.000225284
0.973333 -0.00020261
0.976667 -0.000180731
0.98 -0.00015962
0.983333 -0.000139202
0.986667 -0.000119288
0.99 -9.94231e-05
0.993333 -7.85482e-05
0.996667 -5.4218e-05
1 -2.03661e-05
1.00333 2.03661e-05
