0 0.0017839
0.00333333 0.0017839
0.00666667 0.0017839
0.01 0.0017839
0.0133333 0.0017839
0.0166667 0.0017839
0.02 0.0017839
0.0233333 0.0017839
0.0266667 0.0017839
0.03 0.0017839
0.0333333 0.0017839
0.0366667 0.0017839
0.04 0.0017839
0.0433333 0.0017839
0.0466667 0.0017839
0.05 0.0017839
0.0533333 0.0017839
0.0566667 0.0017839
0.06 0.0017839
0.0633333 0.0017839
0.0666667 0.0017839
0.07 0.0017839
0.0733333 0.0017839
0.0766667 0.0017839
0.08 0.0017839
0.0833333 0.0017839
0.0866667 0.0017839
0.09 0.0017839
0.0933333 0.0017839
0.0966667 0.0017839
0.1 0.0017839
0.103333 0.0017839
0.106667 0.0017839
0.11 0.0017839
0.113333 0.0017839
0.116667 0.0017839
0.12 0.0017839
0.123333 0.0017839
0.126667 0.0017839
0.13 0.0017839
0.133333 0.0017839
0.136667 0.0017839
0.14 0.0017839
0.143333 0.0017839
0.146667 0.0017839
0.15 0.0017839
0.153333 0.0017839
0.156667 0.0017839
0.16 0.0017839
0.163333 0.0017839
0.166667 0.0017839
0.17 0.0017839
0.173333 0.0017839
0.176667 0.0017839
0.18 0.0017839
0.183333 0.0017839
0.186667 0.0017839
0.19 0.0017839
0.193333 0.0017839
0.196667 0.0017839
0.2 0.0017839
0.203333 0.0017839
0.206667 0.0017839
0.21 0.0017839
0.213333 0.0017839
0.216667 0.0017839
0.22 0.0017839
0.223333 0.0017839
0.226667 0.0017839
0.23 0.0017839
0.233333 0.0017839
0.236667 0.0017839
0.24 0.0017839
0.243333 0.0017839
0.246667 0.0017839
0.25 0.0017839
0.253333 0.0017839
0.256667 0.0017839
0.26 0.0017839
0.263333 0.0017839
0.266667 0.0017839
0.27 0.0017839
0.273333 0.0017839
0.276667 0.0017839
0.28 0.0017839
0.283333 0.0017839
0.286667 0.0017839
0.29 0.0017839
0.293333 0.0017839
0.296667 0.0017839
0.3 0.0017839
0.303333 0.0017839
0.306667 0.0017839
0.31 0.0017839
0.313333 0.0017839
0.316667 0.0017839
0.32 0.0017839
0.323333 0.0017839
0.326667 0.0017839
0.33 0.0017839
0.333333 0.0017839
0.336667 0.0017839
0.34 0.0017839
0.343333 0.0017839
0.346667 0.0017839
0.35 0.0017839
0.353333 0.0017839
0.356667 0.0017839
0.36 0.0017839
0.363333 0.0017839
0.366667 0.0017839
0.37 0.0017839
0.373333 0.0017839
0.376667 0.0017839
0.38 0.0017839
0.383333 0.0017839
0.386667 0.0017839
0.39 0.0017839
0.393333 0.0017839
0.396667 0.0017839
0.4 0.0017839
0.403333 0.0017839
0.406667 0.0017839
0.41 0.0017839
0.413333 0.0017839
0.416667 0.0017839
0.42 0.0017839
0.423333 0.0017839
0.426667 0.0017839
0.43 0.0017839
0.433333 0.0017839
0.436667 0.0017839
0.44 0.0017839
0.443333 0.0017839
0.446667 0.0017839
0.45 0.0017839
0.453333 0.0017839
0.456667 0.0017839
0.46 0.0017839
0.463333 0.0017839
0.466667 0.0017839
0.47 0.0017839
0.473333 0.0017839
0.476667 0.0017839
0.48 0.0017839
0.483333 0.0017839
0.486667 0.0017839
0.49 0.0017839
0.493333 0.0017839
0.496667 0.0017839
0.5 0.0017839
0.503333 0.0017839
0.506667 0.0017839
0.51 0.0017839
0.513333 0.0017839
0.516667 0.0017839
0.52 0.0017839
0.523333 0.0017839
0.526667 0.0017839
0.53 0.0017839
0.533333 0.0017839
0.536667 0.0017839
0.54 0.0017839
0.543333 0.0017839
0.546667 0.0017839
0.55 0.0017839
0.553333 0.0017839
0.556667 0.0017839
0.56 0.0017839
0.563333 0.0017839
0.566667 0.0017839
0.57 0.0017839
0.573333 0.0017839
0.576667 0.0017839
0.58 0.0017839
0.583333 0.0017839
0.586667 0.0017839
0.59 0.0017839
0.593333 0.0017839
0.596667 0.0017839
0.6 0.0017839
0.603333 0.0017839
0.606667 0.0017839
0.61 0.0017839
0.613333 0.0017839
0.616667 0.0017839
0.62 0.0017839
0.623333 0.0017839
0.626667 0.0017839
0.63 0.0017839
0.633333 0.0017839
0.636667 0.0017839
0.64 0.0017839
0.643333 0.0017839
0.646667 0.0017839
0.65 0.0017839
0.653333 0.0017839
0.656667 0.0017839
0.66 0.0017839
0.663333 0.0017839
0.666667 0.0017839
0.67 0.0017839
0.673333 0.0017839
0.676667 0.0017839
0.68 0.0017839
0.683333 0.0017839
0.686667 0.0017839
0.69 0.0017839
0.693333 0.0017839
0.696667 0.0017839
0.7 0.0017839
0.703333 0.0017839
0.706667 0.0017839
0.71 0.0017839
0.713333 0.0017839
0.716667 0.0017839
0.72 0.0017839
0.723333 0.0017839
0.726667 0.0017839
0.73 0.0017839
0.733333 0.0017839
0.736667 0.0017839
0.74 0.0017839
0.743333 0.0017839
0.746667 0.0017839
0.75 0.0017839
0.753333 0.0017839
0.756667 0.0017839
0.76 0.0017839
0.763333 0.0017839
0.766667 0.0017839
0.77 0.0017839
0.773333 0.0017839
0.776667 0.0017839
0.78 0.0017839
0.783333 0.0017839
0.786667 0.0017839
0.79 0.0017839
0.793333 0.0017839
0.796667 0.0017839
0.8 0.0017839
0.803333 0.0017839
0.806667 0.0017839
0.81 0.0017839
0.813333 0.0017839
0.816667 0.0017839
0.82 0.0017839
0.823333 0.0017839
0.826667 0.0017839
0.83 0.0017839
0.833333 0.0017839
0.836667 0.0017839
0.84 0.0017839
0.843333 0.0017839
0.846667 0.0017839
0.85 0.0017839
0.853333 0.0017839
0.856667 0.0017839
0.86 0.0017839
0.863333 0.0017839
0.866667 0.0017839
0.87 0.0017839
0.873333 0.0017839
0.876667 0.0017839
0.88 0.0017839
0.883333 0.0017839
0.886667 0.0017839
0.89 0.0017839
0.893333 0.0017839
0.896667 0.0017839
0.9 0.0017839
0.903333 0.0017839
0.906667 0.0017839
0.91 0.0017839
0.913333 0.0017839
0.916667 0.0017839
0.92 0.0017839
0.923333 0.0017839
0.926667 0.0017839
0.93 0.0017839
0.933333 0.0017839
0.936667 0.0017839
0.94 0.0017839
0.943333 0.0017839
0.946667 0.0017839
0.95 0.0017839
0.953333 0.0017839
0.956667 0.0017839
0.96 0.0017839
0.963333 0.0017839
0.966667 0.0017839
0.97 0.0017839
0.973333 0.0017839
0.976667 0.0017839
0.98 0.0017839
0.983333 0.0017839
0.986667 0.0017839
0.99 0.0017839
0.993333 0.0017839
0.996667 0.0017839
1 0.0017839
1.00333 0.0017839
