0 371.199
0.00333333 371.374
0.00666667 371.548
0.01 371.72
0.0133333 371.891
0.0166667 372.061
0.02 372.23
0.0233333 372.397
0.0266667 372.564
0.03 372.729
0.0333333 372.893
0.0366667 373.056
0.04 373.218
0.0433333 373.378
0.0466667 373.537
0.05 373.696
0.0533333 373.853
0.0566667 374.009
0.06 374.163
0.0633333 374.317
0.0666667 374.469
0.07 374.62
0.0733333 374.771
0.0766667 374.919
0.08 375.067
0.0833333 375.214
0.0866667 375.359
0.09 375.503
0.0933333 375.647
0.0966667 375.789
0.1 375.929
0.103333 376.069
0.106667 376.208
0.11 376.345
0.113333 376.481
0.116667 376.616
0.12 376.75
0.123333 376.883
0.126667 377.015
0.13 377.145
0.133333 377.275
0.136667 377.403
0.14 377.53
0.143333 377.656
0.146667 377.781
0.15 377.904
0.153333 378.027
0.156667 378.148
0.16 378.269
0.163333 378.388
0.166667 378.506
0.17 378.623
0.173333 378.738
0.176667 378.853
0.18 378.966
0.183333 379.079
0.186667 379.19
0.19 379.3
0.193333 379.409
0.196667 379.517
0.2 379.623
0.203333 379.729
0.206667 379.833
0.21 379.937
0.213333 380.039
0.216667 380.14
0.22 380.24
0.223333 380.339
0.226667 380.436
0.23 380.533
0.233333 380.628
0.236667 380.723
0.24 380.816
0.243333 380.908
0.246667 380.999
0.25 381.088
0.253333 381.177
0.256667 381.265
0.26 381.351
0.263333 381.436
0.266667 381.521
0.27 381.604
0.273333 381.686
0.276667 381.767
0.28 381.846
0.283333 381.925
0.286667 382.002
0.29 382.079
0.293333 382.154
0.296667 382.228
0.3 382.301
0.303333 382.373
0.306667 382.444
0.31 382.513
0.313333 382.582
0.316667 382.649
0.32 382.715
0.323333 382.78
0.326667 382.844
0.33 382.907
0.333333 382.969
0.336667 383.03
0.34 383.089
0.343333 383.148
0.346667 383.205
0.35 383.261
0.353333 383.316
0.356667 383.37
0.36 383.423
0.363333 383.475
0.366667 383.525
0.37 383.574
0.373333 383.623
0.376667 383.67
0.38 383.716
0.383333 383.761
0.386667 383.805
0.39 383.847
0.393333 383.889
0.396667 383.929
0.4 383.969
0.403333 384.007
0.406667 384.044
0.41 384.08
0.413333 384.115
0.416667 384.148
0.42 384.181
0.423333 384.212
0.426667 384.242
0.43 384.272
0.433333 384.3
0.436667 384.326
0.44 384.352
0.443333 384.377
0.446667 384.4
0.45 384.422
0.453333 384.444
0.456667 384.464
0.46 384.483
0.463333 384.5
0.466667 384.517
0.47 384.533
0.473333 384.547
0.476667 384.56
0.48 384.572
0.483333 384.583
0.486667 384.593
0.49 384.602
0.493333 384.609
0.496667 384.615
0.5 384.621
0.503333 384.625
0.506667 384.628
0.51 384.629
0.513333 384.63
0.516667 384.629
0.52 384.628
0.523333 384.625
0.526667 384.621
0.53 384.616
0.533333 384.609
0.536667 384.602
0.54 384.593
0.543333 384.583
0.546667 384.572
0.55 384.56
0.553333 384.547
0.556667 384.532
0.56 384.517
0.563333 384.5
0.566667 384.482
0.57 384.463
0.573333 384.442
0.576667 384.421
0.58 384.398
0.583333 384.374
0.586667 384.349
0.59 384.323
0.593333 384.296
0.596667 384.267
0.6 384.237
0.603333 384.206
0.606667 384.174
0.61 384.141
0.613333 384.106
0.616667 384.071
0.62 384.034
0.623333 383.996
0.626667 383.956
0.63 383.916
0.633333 383.874
0.636667 383.831
0.64 383.787
0.643333 383.742
0.646667 383.695
0.65 383.647
0.653333 383.599
0.656667 383.548
0.66 383.497
0.663333 383.444
0.666667 383.391
0.67 383.336
0.673333 383.279
0.676667 383.222
0.68 383.163
0.683333 383.103
0.686667 383.042
0.69 382.98
0.693333 382.916
0.696667 382.851
0.7 382.785
0.703333 382.717
0.706667 382.649
0.71 382.579
0.713333 382.508
0.716667 382.436
0.72 382.362
0.723333 382.287
0.726667 382.211
0.73 382.134
0.733333 382.055
0.736667 381.975
0.74 381.894
0.743333 381.811
0.746667 381.727
0.75 381.642
0.753333 381.556
0.756667 381.469
0.76 381.38
0.763333 381.29
0.766667 381.198
0.77 381.105
0.773333 381.011
0.776667 380.916
0.78 380.819
0.783333 380.721
0.786667 380.622
0.79 380.522
0.793333 380.42
0.796667 380.317
0.8 380.212
0.803333 380.106
0.806667 379.999
0.81 379.89
0.813333 379.781
0.816667 379.669
0.82 379.557
0.823333 379.443
0.826667 379.328
0.83 379.211
0.833333 379.093
0.836667 378.974
0.84 378.854
0.843333 378.732
0.846667 378.608
0.85 378.484
0.853333 378.357
0.856667 378.23
0.86 378.101
0.863333 377.971
0.866667 377.839
0.87 377.706
0.873333 377.572
0.876667 377.436
0.88 377.299
0.883333 377.16
0.886667 377.02
0.89 376.879
0.893333 376.736
0.896667 376.591
0.9 376.446
0.903333 376.298
0.906667 376.15
0.91 376
0.913333 375.848
0.916667 375.695
0.92 375.541
0.923333 375.385
0.926667 375.227
0.93 375.068
0.933333 374.908
0.936667 374.746
0.94 374.583
0.943333 374.418
0.946667 374.252
0.95 374.084
0.953333 373.915
0.956667 373.744
0.96 373.572
0.963333 373.398
0.966667 373.222
0.97 373.046
0.973333 372.867
0.976667 372.687
0.98 372.505
0.983333 372.322
0.986667 372.138
0.99 371.951
0.993333 371.764
0.996667 371.574
1 371.383
1.00333 371.19
