0 999.765
0.00333333 1000.24
0.00666667 1000.7
0.01 1001.17
0.0133333 1001.63
0.0166667 1002.09
0.02 1002.54
0.0233333 1002.99
0.0266667 1003.44
0.03 1003.88
0.0333333 1004.33
0.0366667 1004.76
0.04 1005.2
0.0433333 1005.63
0.0466667 1006.06
0.05 1006.49
0.0533333 1006.91
0.0566667 1007.33
0.06 1007.75
0.0633333 1008.16
0.0666667 1008.57
0.07 1008.98
0.0733333 1009.38
0.0766667 1009.78
0.08 1010.18
0.0833333 1010.58
0.0866667 1010.97
0.09 1011.36
0.0933333 1011.74
0.0966667 1012.12
0.1 1012.5
0.103333 1012.88
0.106667 1013.25
0.11 1013.62
0.113333 1013.99
0.116667 1014.35
0.12 1014.71
0.123333 1015.07
0.126667 1015.43
0.13 1015.78
0.133333 1016.13
0.136667 1016.47
0.14 1016.81
0.143333 1017.15
0.146667 1017.49
0.15 1017.82
0.153333 1018.15
0.156667 1018.48
0.16 1018.8
0.163333 1019.13
0.166667 1019.44
0.17 1019.76
0.173333 1020.07
0.176667 1020.38
0.18 1020.68
0.183333 1020.99
0.186667 1021.29
0.19 1021.58
0.193333 1021.88
0.196667 1022.17
0.2 1022.45
0.203333 1022.74
0.206667 1023.02
0.21 1023.3
0.213333 1023.57
0.216667 1023.84
0.22 1024.11
0.223333 1024.38
0.226667 1024.64
0.23 1024.9
0.233333 1025.16
0.236667 1025.41
0.24 1025.66
0.243333 1025.91
0.246667 1026.16
0.25 1026.4
0.253333 1026.64
0.256667 1026.87
0.26 1027.11
0.263333 1027.34
0.266667 1027.56
0.27 1027.79
0.273333 1028.01
0.276667 1028.23
0.28 1028.44
0.283333 1028.65
0.286667 1028.86
0.29 1029.07
0.293333 1029.27
0.296667 1029.47
0.3 1029.66
0.303333 1029.86
0.306667 1030.05
0.31 1030.24
0.313333 1030.42
0.316667 1030.6
0.32 1030.78
0.323333 1030.96
0.326667 1031.13
0.33 1031.3
0.333333 1031.46
0.336667 1031.63
0.34 1031.79
0.343333 1031.95
0.346667 1032.1
0.35 1032.25
0.353333 1032.4
0.356667 1032.54
0.36 1032.69
0.363333 1032.83
0.366667 1032.96
0.37 1033.09
0.373333 1033.22
0.376667 1033.35
0.38 1033.48
0.383333 1033.6
0.386667 1033.71
0.39 1033.83
0.393333 1033.94
0.396667 1034.05
0.4 1034.16
0.403333 1034.26
0.406667 1034.36
0.41 1034.46
0.413333 1034.55
0.416667 1034.64
0.42 1034.73
0.423333 1034.81
0.426667 1034.89
0.43 1034.97
0.433333 1035.05
0.436667 1035.12
0.44 1035.19
0.443333 1035.26
0.446667 1035.32
0.45 1035.38
0.453333 1035.44
0.456667 1035.49
0.46 1035.54
0.463333 1035.59
0.466667 1035.63
0.47 1035.68
0.473333 1035.71
0.476667 1035.75
0.48 1035.78
0.483333 1035.81
0.486667 1035.84
0.49 1035.86
0.493333 1035.88
0.496667 1035.9
0.5 1035.91
0.503333 1035.92
0.506667 1035.93
0.51 1035.94
0.513333 1035.94
0.516667 1035.94
0.52 1035.93
0.523333 1035.92
0.526667 1035.91
0.53 1035.9
0.533333 1035.88
0.536667 1035.86
0.54 1035.84
0.543333 1035.81
0.546667 1035.78
0.55 1035.75
0.553333 1035.71
0.556667 1035.67
0.56 1035.63
0.563333 1035.59
0.566667 1035.54
0.57 1035.49
0.573333 1035.43
0.576667 1035.37
0.58 1035.31
0.583333 1035.25
0.586667 1035.18
0.59 1035.11
0.593333 1035.04
0.596667 1034.96
0.6 1034.88
0.603333 1034.8
0.606667 1034.71
0.61 1034.62
0.613333 1034.53
0.616667 1034.43
0.62 1034.33
0.623333 1034.23
0.626667 1034.12
0.63 1034.01
0.633333 1033.9
0.636667 1033.79
0.64 1033.67
0.643333 1033.55
0.646667 1033.42
0.65 1033.29
0.653333 1033.16
0.656667 1033.02
0.66 1032.89
0.663333 1032.74
0.666667 1032.6
0.67 1032.45
0.673333 1032.3
0.676667 1032.14
0.68 1031.99
0.683333 1031.83
0.686667 1031.66
0.69 1031.49
0.693333 1031.32
0.696667 1031.15
0.7 1030.97
0.703333 1030.79
0.706667 1030.6
0.71 1030.41
0.713333 1030.22
0.716667 1030.03
0.72 1029.83
0.723333 1029.63
0.726667 1029.42
0.73 1029.21
0.733333 1029
0.736667 1028.79
0.74 1028.57
0.743333 1028.35
0.746667 1028.12
0.75 1027.89
0.753333 1027.66
0.756667 1027.42
0.76 1027.18
0.763333 1026.94
0.766667 1026.69
0.77 1026.44
0.773333 1026.19
0.776667 1025.93
0.78 1025.67
0.783333 1025.41
0.786667 1025.14
0.79 1024.87
0.793333 1024.6
0.796667 1024.32
0.8 1024.04
0.803333 1023.75
0.806667 1023.46
0.81 1023.17
0.813333 1022.88
0.816667 1022.58
0.82 1022.27
0.823333 1021.97
0.826667 1021.66
0.83 1021.34
0.833333 1021.03
0.836667 1020.7
0.84 1020.38
0.843333 1020.05
0.846667 1019.72
0.85 1019.38
0.853333 1019.04
0.856667 1018.7
0.86 1018.35
0.863333 1018
0.866667 1017.65
0.87 1017.29
0.873333 1016.93
0.876667 1016.56
0.88 1016.19
0.883333 1015.82
0.886667 1015.44
0.89 1015.06
0.893333 1014.68
0.896667 1014.29
0.9 1013.89
0.903333 1013.5
0.906667 1013.1
0.91 1012.69
0.913333 1012.29
0.916667 1011.87
0.92 1011.46
0.923333 1011.04
0.926667 1010.61
0.93 1010.19
0.933333 1009.75
0.936667 1009.32
0.94 1008.88
0.943333 1008.43
0.946667 1007.99
0.95 1007.53
0.953333 1007.08
0.956667 1006.62
0.96 1006.15
0.963333 1005.69
0.966667 1005.21
0.97 1004.74
0.973333 1004.26
0.976667 1003.77
0.98 1003.28
0.983333 1002.79
0.986667 1002.29
0.99 1001.79
0.993333 1001.28
0.996667 1000.77
1 1000.26
1.00333 999.741
