0 -0.49063
0.00333333 0.49063
0.00666667 1.47166
0.01 2.45247
0.0133333 3.43305
0.0166667 4.41342
0.02 5.39357
0.0233333 6.37351
0.0266667 7.35325
0.03 8.33278
0.0333333 9.31211
0.0366667 10.2912
0.04 11.2702
0.0433333 12.2489
0.0466667 13.2275
0.05 14.2059
0.0533333 15.1841
0.0566667 16.1621
0.06 17.14
0.0633333 18.1177
0.0666667 19.0952
0.07 20.0726
0.0733333 21.0498
0.0766667 22.0269
0.08 23.0038
0.0833333 23.9805
0.0866667 24.9572
0.09 25.9336
0.0933333 26.91
0.0966667 27.8862
0.1 28.8623
0.103333 29.8382
0.106667 30.8141
0.11 31.7898
0.113333 32.7654
0.116667 33.7409
0.12 34.7162
0.123333 35.6915
0.126667 36.6667
0.13 37.6418
0.133333 38.6167
0.136667 39.5916
0.14 40.5664
0.143333 41.5411
0.146667 42.5158
0.15 43.4903
0.153333 44.4648
0.156667 45.4392
0.16 46.4135
0.163333 47.3878
0.166667 48.362
0.17 49.3362
0.173333 50.3103
0.176667 51.2843
0.18 52.2583
0.183333 53.2323
0.186667 54.2062
0.19 55.1801
0.193333 56.1539
0.196667 57.1277
0.2 58.1015
0.203333 59.0752
0.206667 60.049
0.21 61.0227
0.213333 61.9964
0.216667 62.9701
0.22 63.9438
0.223333 64.9175
0.226667 65.8911
0.23 66.8648
0.233333 67.8385
0.236667 68.8122
0.24 69.7859
0.243333 70.7596
0.246667 71.7333
0.25 72.7071
0.253333 73.6809
0.256667 74.6547
0.26 75.6285
0.263333 76.6024
0.266667 77.5763
0.27 78.5503
0.273333 79.5243
0.276667 80.4983
0.28 81.4725
0.283333 82.4466
0.286667 83.4208
0.29 84.3951
0.293333 85.3694
0.296667 86.3438
0.3 87.3183
0.303333 88.2929
0.306667 89.2675
0.31 90.2422
0.313333 91.217
0.316667 92.1919
0.32 93.1669
0.323333 94.1419
0.326667 95.1171
0.33 96.0924
0.333333 97.0678
0.336667 98.0432
0.34 99.0188
0.343333 99.9945
0.346667 100.97
0.35 101.946
0.353333 102.922
0.356667 103.899
0.36 104.875
0.363333 105.851
0.366667 106.828
0.37 107.805
0.373333 108.782
0.376667 109.759
0.38 110.736
0.383333 111.713
0.386667 112.691
0.39 113.668
0.393333 114.646
0.396667 115.624
0.4 116.602
0.403333 117.581
0.406667 118.559
0.41 119.538
0.413333 120.517
0.416667 121.496
0.42 122.475
0.423333 123.455
0.426667 124.434
0.43 125.414
0.433333 126.394
0.436667 127.374
0.44 128.355
0.443333 129.336
0.446667 130.317
0.45 131.298
0.453333 132.279
0.456667 133.261
0.46 134.243
0.463333 135.225
0.466667 136.207
0.47 137.19
0.473333 138.172
0.476667 139.155
0.48 140.139
0.483333 141.122
0.486667 142.106
0.49 143.09
0.493333 144.075
0.496667 145.059
0.5 146.044
0.503333 147.03
0.506667 148.015
0.51 149.001
0.513333 149.987
0.516667 150.973
0.52 151.96
0.523333 152.947
0.526667 153.934
0.53 154.922
0.533333 155.91
0.536667 156.898
0.54 157.887
0.543333 158.876
0.546667 159.865
0.55 160.854
0.553333 161.844
0.556667 162.835
0.56 163.825
0.563333 164.816
0.566667 165.807
0.57 166.799
0.573333 167.791
0.576667 168.783
0.58 169.776
0.583333 170.769
0.586667 171.763
0.59 172.757
0.593333 173.751
0.596667 174.746
0.6 175.741
0.603333 176.736
0.606667 177.732
0.61 178.728
0.613333 179.725
0.616667 180.722
0.62 181.719
0.623333 182.717
0.626667 183.716
0.63 184.714
0.633333 185.714
0.636667 186.713
0.64 187.713
0.643333 188.714
0.646667 189.715
0.65 190.717
0.653333 191.718
0.656667 192.721
0.66 193.724
0.663333 194.727
0.666667 195.731
0.67 196.735
0.673333 197.74
0.676667 198.745
0.68 199.751
0.683333 200.757
0.686667 201.764
0.69 202.771
0.693333 203.779
0.696667 204.788
0.7 205.796
0.703333 206.806
0.706667 207.816
0.71 208.826
0.713333 209.837
0.716667 210.849
0.72 211.861
0.723333 212.874
0.726667 213.887
0.73 214.901
0.733333 215.915
0.736667 216.93
0.74 217.946
0.743333 218.962
0.746667 219.979
0.75 220.996
0.753333 222.014
0.756667 223.033
0.76 224.052
0.763333 225.072
0.766667 226.092
0.77 227.113
0.773333 228.135
0.776667 229.157
0.78 230.18
0.783333 231.204
0.786667 232.229
0.79 233.254
0.793333 234.279
0.796667 235.306
0.8 236.333
0.803333 237.36
0.806667 238.389
0.81 239.418
0.813333 240.448
0.816667 241.478
0.82 242.51
0.823333 243.542
0.826667 244.574
0.83 245.608
0.833333 246.642
0.836667 247.677
0.84 248.713
0.843333 249.749
0.846667 250.787
0.85 251.825
0.853333 252.863
0.856667 253.903
0.86 254.944
0.863333 255.985
0.866667 257.027
0.87 258.07
0.873333 259.113
0.876667 260.158
0.88 261.203
0.883333 262.249
0.886667 263.296
0.89 264.344
0.893333 265.393
0.896667 266.443
0.9 267.493
0.903333 268.545
0.906667 269.597
0.91 270.65
0.913333 271.704
0.916667 272.759
0.92 273.815
0.923333 274.872
0.926667 275.93
0.93 276.989
0.933333 278.049
0.936667 279.11
0.94 280.171
0.943333 281.234
0.946667 282.298
0.95 283.362
0.953333 284.428
0.956667 285.495
0.96 286.563
0.963333 287.631
0.966667 288.701
0.97 289.772
0.973333 290.844
0.976667 291.917
0.98 292.991
0.983333 294.066
0.986667 295.143
0.99 296.22
0.993333 297.299
0.996667 298.378
1 299.459
1.00333 300.541
