0 0.00131417
0.0025 0.00131375
0.005 0.00131333
0.0075 0.00131291
0.01 0.00131249
0.0125 0.00131207
0.015 0.00131166
0.0175 0.00131125
0.02 0.00131084
0.0225 0.00131043
0.025 0.00131003
0.0275 0.00130962
0.03 0.00130922
0.0325 0.00130882
0.035 0.00130843
0.0375 0.00130803
0.04 0.00130764
0.0425 0.00130725
0.045 0.00130686
0.0475 0.00130647
0.05 0.00130609
0.0525 0.0013057
0.055 0.00130532
0.0575 0.00130494
0.06 0.00130457
0.0625 0.00130419
0.065 0.00130382
0.0675 0.00130345
0.07 0.00130308
0.0725 0.00130271
0.075 0.00130235
0.0775 0.00130198
0.08 0.00130162
0.0825 0.00130126
0.085 0.00130091
0.0875 0.00130055
0.09 0.0013002
0.0925 0.00129985
0.095 0.0012995
0.0975 0.00129916
0.1 0.00129881
0.1025 0.00129847
0.105 0.00129813
0.1075 0.00129779
0.11 0.00129745
0.1125 0.00129712
0.115 0.00129679
0.1175 0.00129646
0.12 0.00129613
0.1225 0.0012958
0.125 0.00129548
0.1275 0.00129516
0.13 0.00129484
0.1325 0.00129452
0.135 0.0012942
0.1375 0.00129389
0.14 0.00129358
0.1425 0.00129327
0.145 0.00129296
0.1475 0.00129266
0.15 0.00129235
0.1525 0.00129205
0.155 0.00129175
0.1575 0.00129145
0.16 0.00129116
0.1625 0.00129087
0.165 0.00129057
0.1675 0.00129028
0.17 0.00129
0.1725 0.00128971
0.175 0.00128943
0.1775 0.00128915
0.18 0.00128887
0.1825 0.00128859
0.185 0.00128832
0.1875 0.00128804
0.19 0.00128777
0.1925 0.0012875
0.195 0.00128724
0.1975 0.00128697
0.2 0.00128671
0.2025 0.00128645
0.205 0.00128619
0.2075 0.00128593
0.21 0.00128568
0.2125 0.00128543
0.215 0.00128518
0.2175 0.00128493
0.22 0.00128468
0.2225 0.00128444
0.225 0.0012842
0.2275 0.00128395
0.23 0.00128372
0.2325 0.00128348
0.235 0.00128325
0.2375 0.00128301
0.24 0.00128278
0.2425 0.00128256
0.245 0.00128233
0.2475 0.00128211
0.25 0.00128189
0.2525 0.00128167
0.255 0.00128145
0.2575 0.00128123
0.26 0.00128102
0.2625 0.00128081
0.265 0.0012806
0.2675 0.00128039
0.27 0.00128019
0.2725 0.00127998
0.275 0.00127978
0.2775 0.00127958
0.28 0.00127939
0.2825 0.00127919
0.285 0.001279
0.2875 0.00127881
0.29 0.00127862
0.2925 0.00127843
0.295 0.00127825
0.2975 0.00127806
0.3 0.00127788
0.3025 0.00127771
0.305 0.00127753
0.3075 0.00127735
0.31 0.00127718
0.3125 0.00127701
0.315 0.00127684
0.3175 0.00127668
0.32 0.00127651
0.3225 0.00127635
0.325 0.00127619
0.3275 0.00127603
0.33 0.00127588
0.3325 0.00127573
0.335 0.00127557
0.3375 0.00127542
0.34 0.00127528
0.3425 0.00127513
0.345 0.00127499
0.3475 0.00127485
0.35 0.00127471
0.3525 0.00127457
0.355 0.00127444
0.3575 0.0012743
0.36 0.00127417
0.3625 0.00127404
0.365 0.00127392
0.3675 0.00127379
0.37 0.00127367
0.3725 0.00127355
0.375 0.00127343
0.3775 0.00127332
0.38 0.0012732
0.3825 0.00127309
0.385 0.00127298
0.3875 0.00127287
0.39 0.00127277
0.3925 0.00127266
0.395 0.00127256
0.3975 0.00127246
0.4 0.00127237
0.4025 0.00127227
0.405 0.00127218
0.4075 0.00127209
0.41 0.001272
0.4125 0.00127191
0.415 0.00127183
0.4175 0.00127174
0.42 0.00127166
0.4225 0.00127159
0.425 0.00127151
0.4275 0.00127144
0.43 0.00127136
0.4325 0.00127129
0.435 0.00127123
0.4375 0.00127116
0.44 0.0012711
0.4425 0.00127104
0.445 0.00127098
0.4475 0.00127092
0.45 0.00127086
0.4525 0.00127081
0.455 0.00127076
0.4575 0.00127071
0.46 0.00127066
0.4625 0.00127062
0.465 0.00127058
0.4675 0.00127054
0.47 0.0012705
0.4725 0.00127046
0.475 0.00127043
0.4775 0.0012704
0.48 0.00127037
0.4825 0.00127034
0.485 0.00127032
0.4875 0.00127029
0.49 0.00127027
0.4925 0.00127025
0.495 0.00127024
0.4975 0.00127022
0.5 0.00127021
0.5025 0.0012702
0.505 0.00127019
0.5075 0.00127019
0.51 0.00127018
0.5125 0.00127018
0.515 0.00127018
0.5175 0.00127018
0.52 0.00127019
0.5225 0.0012702
0.525 0.0012702
0.5275 0.00127022
0.53 0.00127023
0.5325 0.00127024
0.535 0.00127026
0.5375 0.00127028
0.54 0.0012703
0.5425 0.00127033
0.545 0.00127036
0.5475 0.00127038
0.55 0.00127041
0.5525 0.00127045
0.555 0.00127048
0.5575 0.00127052
0.56 0.00127056
0.5625 0.0012706
0.565 0.00127065
0.5675 0.00127069
0.57 0.00127074
0.5725 0.00127079
0.575 0.00127084
0.5775 0.0012709
0.58 0.00127096
0.5825 0.00127101
0.585 0.00127108
0.5875 0.00127114
0.59 0.00127121
0.5925 0.00127127
0.595 0.00127134
0.5975 0.00127142
0.6 0.00127149
0.6025 0.00127157
0.605 0.00127165
0.6075 0.00127173
0.61 0.00127181
0.6125 0.0012719
0.615 0.00127199
0.6175 0.00127208
0.62 0.00127217
0.6225 0.00127226
0.625 0.00127236
0.6275 0.00127246
0.63 0.00127256
0.6325 0.00127267
0.635 0.00127277
0.6375 0.00127288
0.64 0.00127299
0.6425 0.0012731
0.645 0.00127322
0.6475 0.00127333
0.65 0.00127345
0.6525 0.00127358
0.655 0.0012737
0.6575 0.00127383
0.66 0.00127395
0.6625 0.00127409
0.665 0.00127422
0.6675 0.00127435
0.67 0.00127449
0.6725 0.00127463
0.675 0.00127477
0.6775 0.00127492
0.68 0.00127506
0.6825 0.00127521
0.685 0.00127536
0.6875 0.00127552
0.69 0.00127567
0.6925 0.00127583
0.695 0.00127599
0.6975 0.00127615
0.7 0.00127632
0.7025 0.00127649
0.705 0.00127666
0.7075 0.00127683
0.71 0.001277
0.7125 0.00127718
0.715 0.00127736
0.7175 0.00127754
0.72 0.00127772
0.7225 0.00127791
0.725 0.0012781
0.7275 0.00127829
0.73 0.00127848
0.7325 0.00127867
0.735 0.00127887
0.7375 0.00127907
0.74 0.00127927
0.7425 0.00127948
0.745 0.00127968
0.7475 0.00127989
0.75 0.0012801
0.7525 0.00128032
0.755 0.00128053
0.7575 0.00128075
0.76 0.00128097
0.7625 0.0012812
0.765 0.00128142
0.7675 0.00128165
0.77 0.00128188
0.7725 0.00128211
0.775 0.00128235
0.7775 0.00128259
0.78 0.00128283
0.7825 0.00128307
0.785 0.00128331
0.7875 0.00128356
0.79 0.00128381
0.7925 0.00128406
0.795 0.00128432
0.7975 0.00128457
0.8 0.00128483
0.8025 0.0012851
0.805 0.00128536
0.8075 0.00128563
0.81 0.00128589
0.8125 0.00128617
0.815 0.00128644
0.8175 0.00128672
0.82 0.00128699
0.8225 0.00128728
0.825 0.00128756
0.8275 0.00128785
0.83 0.00128813
0.8325 0.00128842
0.835 0.00128872
0.8375 0.00128901
0.84 0.00128931
0.8425 0.00128961
0.845 0.00128992
0.8475 0.00129022
0.85 0.00129053
0.8525 0.00129084
0.855 0.00129115
0.8575 0.00129147
0.86 0.00129179
0.8625 0.00129211
0.865 0.00129243
0.8675 0.00129276
0.87 0.00129309
0.8725 0.00129342
0.875 0.00129375
0.8775 0.00129409
0.88 0.00129442
0.8825 0.00129476
0.885 0.00129511
0.8875 0.00129545
0.89 0.0012958
0.8925 0.00129615
0.895 0.00129651
0.8975 0.00129686
0.9 0.00129722
0.9025 0.00129758
0.905 0.00129795
0.9075 0.00129831
0.91 0.00129868
0.9125 0.00129905
0.915 0.00129943
0.9175 0.0012998
0.92 0.00130018
0.9225 0.00130057
0.925 0.00130095
0.9275 0.00130134
0.93 0.00130173
0.9325 0.00130212
0.935 0.00130251
0.9375 0.00130291
0.94 0.00130331
0.9425 0.00130372
0.945 0.00130412
0.9475 0.00130453
0.95 0.00130494
0.9525 0.00130535
0.955 0.00130577
0.9575 0.00130619
0.96 0.00130661
0.9625 0.00130703
0.965 0.00130746
0.9675 0.00130789
0.97 0.00130832
0.9725 0.00130876
0.975 0.0013092
0.9775 0.00130964
0.98 0.00131008
0.9825 0.00131053
0.985 0.00131097
0.9875 0.00131143
0.99 0.00131188
0.9925 0.00131234
0.995 0.0013128
0.9975 0.00131326
1 0.00131372
1.0025 0.00131419
