0 273.477
0.0025 273.477
0.005 273.477
0.0075 273.477
0.01 273.477
0.0125 273.477
0.015 273.477
0.0175 273.477
0.02 273.477
0.0225 273.477
0.025 273.477
0.0275 273.477
0.03 273.477
0.0325 273.477
0.035 273.477
0.0375 273.477
0.04 273.477
0.0425 273.477
0.045 273.477
0.0475 273.477
0.05 273.477
0.0525 273.477
0.055 273.477
0.0575 273.477
0.06 273.477
0.0625 273.477
0.065 273.477
0.0675 273.477
0.07 273.477
0.0725 273.477
0.075 273.477
0.0775 273.477
0.08 273.477
0.0825 273.477
0.085 273.477
0.0875 273.477
0.09 273.477
0.0925 273.477
0.095 273.477
0.0975 273.477
0.1 273.477
0.1025 273.477
0.105 273.477
0.1075 273.477
0.11 273.477
0.1125 273.477
0.115 273.477
0.1175 273.477
0.12 273.477
0.1225 273.477
0.125 273.477
0.1275 273.477
0.13 273.477
0.1325 273.477
0.135 273.477
0.1375 273.477
0.14 273.477
0.1425 273.477
0.145 273.477
0.1475 273.477
0.15 273.477
0.1525 273.477
0.155 273.477
0.1575 273.477
0.16 273.477
0.1625 273.477
0.165 273.477
0.1675 273.477
0.17 273.477
0.1725 273.477
0.175 273.477
0.1775 273.477
0.18 273.477
0.1825 273.477
0.185 273.477
0.1875 273.477
0.19 273.477
0.1925 273.477
0.195 273.477
0.1975 273.477
0.2 273.477
0.2025 273.477
0.205 273.477
0.2075 273.477
0.21 273.477
0.2125 273.477
0.215 273.477
0.2175 273.477
0.22 273.477
0.2225 273.477
0.225 273.477
0.2275 273.477
0.23 273.477
0.2325 273.477
0.235 273.477
0.2375 273.477
0.24 273.477
0.2425 273.477
0.245 273.477
0.2475 273.477
0.25 273.477
0.2525 273.477
0.255 273.477
0.2575 273.477
0.26 273.477
0.2625 273.477
0.265 273.477
0.2675 273.477
0.27 273.477
0.2725 273.477
0.275 273.477
0.2775 273.477
0.28 273.477
0.2825 273.477
0.285 273.477
0.2875 273.477
0.29 273.477
0.2925 273.477
0.295 273.477
0.2975 273.477
0.3 273.477
0.3025 273.477
0.305 273.477
0.3075 273.477
0.31 273.477
0.3125 273.477
0.315 273.477
0.3175 273.477
0.32 273.477
0.3225 273.477
0.325 273.477
0.3275 273.477
0.33 273.477
0.3325 273.477
0.335 273.477
0.3375 273.477
0.34 273.477
0.3425 273.477
0.345 273.477
0.3475 273.477
0.35 273.477
0.3525 273.477
0.355 273.477
0.3575 273.477
0.36 273.477
0.3625 273.477
0.365 273.477
0.3675 273.477
0.37 273.477
0.3725 273.477
0.375 273.477
0.3775 273.477
0.38 273.477
0.3825 273.477
0.385 273.477
0.3875 273.477
0.39 273.477
0.3925 273.477
0.395 273.477
0.3975 273.477
0.4 273.477
0.4025 273.477
0.405 273.477
0.4075 273.477
0.41 273.477
0.4125 273.477
0.415 273.477
0.4175 273.477
0.42 273.477
0.4225 273.477
0.425 273.477
0.4275 273.477
0.43 273.477
0.4325 273.477
0.435 273.477
0.4375 273.477
0.44 273.477
0.4425 273.477
0.445 273.477
0.4475 273.477
0.45 273.477
0.4525 273.477
0.455 273.477
0.4575 273.477
0.46 273.477
0.4625 273.477
0.465 273.477
0.4675 273.477
0.47 273.477
0.4725 273.477
0.475 273.477
0.4775 273.477
0.48 273.477
0.4825 273.477
0.485 273.477
0.4875 273.477
0.49 273.477
0.4925 273.477
0.495 273.477
0.4975 273.477
0.5 273.477
0.5025 273.477
0.505 273.477
0.5075 273.477
0.51 273.477
0.5125 273.477
0.515 273.477
0.5175 273.477
0.52 273.477
0.5225 273.477
0.525 273.477
0.5275 273.477
0.53 273.477
0.5325 273.477
0.535 273.477
0.5375 273.477
0.54 273.477
0.5425 273.477
0.545 273.477
0.5475 273.477
0.55 273.477
0.5525 273.477
0.555 273.477
0.5575 273.477
0.56 273.477
0.5625 273.477
0.565 273.477
0.5675 273.477
0.57 273.477
0.5725 273.477
0.575 273.477
0.5775 273.477
0.58 273.477
0.5825 273.477
0.585 273.477
0.5875 273.477
0.59 273.477
0.5925 273.477
0.595 273.477
0.5975 273.477
0.6 273.477
0.6025 273.477
0.605 273.477
0.6075 273.477
0.61 273.477
0.6125 273.477
0.615 273.477
0.6175 273.477
0.62 273.477
0.6225 273.477
0.625 273.477
0.6275 273.477
0.63 273.477
0.6325 273.477
0.635 273.477
0.6375 273.477
0.64 273.477
0.6425 273.477
0.645 273.477
0.6475 273.477
0.65 273.477
0.6525 273.477
0.655 273.477
0.6575 273.477
0.66 273.477
0.6625 273.477
0.665 273.477
0.6675 273.477
0.67 273.477
0.6725 273.477
0.675 273.477
0.6775 273.477
0.68 273.477
0.6825 273.477
0.685 273.477
0.6875 273.477
0.69 273.477
0.6925 273.477
0.695 273.477
0.6975 273.477
0.7 273.477
0.7025 273.477
0.705 273.477
0.7075 273.477
0.71 273.477
0.7125 273.477
0.715 273.477
0.7175 273.477
0.72 273.477
0.7225 273.477
0.725 273.477
0.7275 273.477
0.73 273.477
0.7325 273.477
0.735 273.477
0.7375 273.477
0.74 273.477
0.7425 273.477
0.745 273.477
0.7475 273.477
0.75 273.477
0.7525 273.477
0.755 273.477
0.7575 273.477
0.76 273.477
0.7625 273.477
0.765 273.477
0.7675 273.477
0.77 273.477
0.7725 273.477
0.775 273.477
0.7775 273.477
0.78 273.477
0.7825 273.477
0.785 273.477
0.7875 273.477
0.79 273.477
0.7925 273.477
0.795 273.477
0.7975 273.477
0.8 273.477
0.8025 273.477
0.805 273.477
0.8075 273.477
0.81 273.477
0.8125 273.477
0.815 273.477
0.8175 273.477
0.82 273.477
0.8225 273.477
0.825 273.477
0.8275 273.477
0.83 273.477
0.8325 273.477
0.835 273.477
0.8375 273.477
0.84 273.477
0.8425 273.477
0.845 273.477
0.8475 273.477
0.85 273.477
0.8525 273.477
0.855 273.477
0.8575 273.477
0.86 273.477
0.8625 273.477
0.865 273.477
0.8675 273.477
0.87 273.477
0.8725 273.477
0.875 273.477
0.8775 273.477
0.88 273.477
0.8825 273.477
0.885 273.477
0.8875 273.477
0.89 273.477
0.8925 273.477
0.895 273.477
0.8975 273.477
0.9 273.477
0.9025 273.477
0.905 273.477
0.9075 273.477
0.91 273.477
0.9125 273.477
0.915 273.477
0.9175 273.477
0.92 273.477
0.9225 273.477
0.925 273.477
0.9275 273.477
0.93 273.477
0.9325 273.477
0.935 273.477
0.9375 273.477
0.94 273.477
0.9425 273.477
0.945 273.477
0.9475 273.477
0.95 273.477
0.9525 273.477
0.955 273.477
0.9575 273.477
0.96 273.477
0.9625 273.477
0.965 273.477
0.9675 273.477
0.97 273.477
0.9725 273.477
0.975 273.477
0.9775 273.477
0.98 273.477
0.9825 273.477
0.985 273.477
0.9875 273.477
0.99 273.477
0.9925 273.477
0.995 273.477
0.9975 273.477
1 273.477
1.0025 273.477
