0 999.839
0.0025 1000.16
0.005 1000.48
0.0075 1000.8
0.01 1001.12
0.0125 1001.44
0.015 1001.75
0.0175 1002.07
0.02 1002.38
0.0225 1002.69
0.025 1003
0.0275 1003.31
0.03 1003.62
0.0325 1003.92
0.035 1004.23
0.0375 1004.53
0.04 1004.83
0.0425 1005.14
0.045 1005.43
0.0475 1005.73
0.05 1006.03
0.0525 1006.32
0.055 1006.62
0.0575 1006.91
0.06 1007.2
0.0625 1007.49
0.065 1007.78
0.0675 1008.07
0.07 1008.35
0.0725 1008.63
0.075 1008.92
0.0775 1009.2
0.08 1009.48
0.0825 1009.76
0.085 1010.03
0.0875 1010.31
0.09 1010.58
0.0925 1010.85
0.095 1011.13
0.0975 1011.39
0.1 1011.66
0.1025 1011.93
0.105 1012.19
0.1075 1012.46
0.11 1012.72
0.1125 1012.98
0.115 1013.24
0.1175 1013.5
0.12 1013.76
0.1225 1014.01
0.125 1014.26
0.1275 1014.52
0.13 1014.77
0.1325 1015.02
0.135 1015.26
0.1375 1015.51
0.14 1015.76
0.1425 1016
0.145 1016.24
0.1475 1016.48
0.15 1016.72
0.1525 1016.96
0.155 1017.19
0.1575 1017.43
0.16 1017.66
0.1625 1017.89
0.165 1018.12
0.1675 1018.35
0.17 1018.58
0.1725 1018.8
0.175 1019.02
0.1775 1019.25
0.18 1019.47
0.1825 1019.69
0.185 1019.9
0.1875 1020.12
0.19 1020.33
0.1925 1020.55
0.195 1020.76
0.1975 1020.97
0.2 1021.18
0.2025 1021.38
0.205 1021.59
0.2075 1021.79
0.21 1022
0.2125 1022.2
0.215 1022.4
0.2175 1022.59
0.22 1022.79
0.2225 1022.98
0.225 1023.18
0.2275 1023.37
0.23 1023.56
0.2325 1023.75
0.235 1023.93
0.2375 1024.12
0.24 1024.3
0.2425 1024.48
0.245 1024.66
0.2475 1024.84
0.25 1025.02
0.2525 1025.2
0.255 1025.37
0.2575 1025.54
0.26 1025.71
0.2625 1025.88
0.265 1026.05
0.2675 1026.22
0.27 1026.38
0.2725 1026.54
0.275 1026.71
0.2775 1026.87
0.28 1027.02
0.2825 1027.18
0.285 1027.34
0.2875 1027.49
0.29 1027.64
0.2925 1027.79
0.295 1027.94
0.2975 1028.09
0.3 1028.23
0.3025 1028.37
0.305 1028.52
0.3075 1028.66
0.31 1028.8
0.3125 1028.93
0.315 1029.07
0.3175 1029.2
0.32 1029.33
0.3225 1029.46
0.325 1029.59
0.3275 1029.72
0.33 1029.85
0.3325 1029.97
0.335 1030.09
0.3375 1030.21
0.34 1030.33
0.3425 1030.45
0.345 1030.57
0.3475 1030.68
0.35 1030.79
0.3525 1030.9
0.355 1031.01
0.3575 1031.12
0.36 1031.22
0.3625 1031.33
0.365 1031.43
0.3675 1031.53
0.37 1031.63
0.3725 1031.73
0.375 1031.82
0.3775 1031.92
0.38 1032.01
0.3825 1032.1
0.385 1032.19
0.3875 1032.28
0.39 1032.36
0.3925 1032.45
0.395 1032.53
0.3975 1032.61
0.4 1032.69
0.4025 1032.77
0.405 1032.84
0.4075 1032.92
0.41 1032.99
0.4125 1033.06
0.415 1033.13
0.4175 1033.19
0.42 1033.26
0.4225 1033.32
0.425 1033.39
0.4275 1033.45
0.43 1033.5
0.4325 1033.56
0.435 1033.62
0.4375 1033.67
0.44 1033.72
0.4425 1033.77
0.445 1033.82
0.4475 1033.87
0.45 1033.91
0.4525 1033.95
0.455 1033.99
0.4575 1034.03
0.46 1034.07
0.4625 1034.11
0.465 1034.14
0.4675 1034.18
0.47 1034.21
0.4725 1034.24
0.475 1034.26
0.4775 1034.29
0.48 1034.31
0.4825 1034.33
0.485 1034.36
0.4875 1034.37
0.49 1034.39
0.4925 1034.41
0.495 1034.42
0.4975 1034.43
0.5 1034.44
0.5025 1034.45
0.505 1034.46
0.5075 1034.46
0.51 1034.46
0.5125 1034.47
0.515 1034.47
0.5175 1034.46
0.52 1034.46
0.5225 1034.45
0.525 1034.45
0.5275 1034.44
0.53 1034.43
0.5325 1034.41
0.535 1034.4
0.5375 1034.38
0.54 1034.36
0.5425 1034.34
0.545 1034.32
0.5475 1034.3
0.55 1034.27
0.5525 1034.25
0.555 1034.22
0.5575 1034.19
0.56 1034.16
0.5625 1034.12
0.565 1034.09
0.5675 1034.05
0.57 1034.01
0.5725 1033.97
0.575 1033.93
0.5775 1033.88
0.58 1033.83
0.5825 1033.79
0.585 1033.74
0.5875 1033.68
0.59 1033.63
0.5925 1033.58
0.595 1033.52
0.5975 1033.46
0.6 1033.4
0.6025 1033.34
0.605 1033.27
0.6075 1033.21
0.61 1033.14
0.6125 1033.07
0.615 1033
0.6175 1032.92
0.62 1032.85
0.6225 1032.77
0.625 1032.69
0.6275 1032.61
0.63 1032.53
0.6325 1032.45
0.635 1032.36
0.6375 1032.27
0.64 1032.18
0.6425 1032.09
0.645 1032
0.6475 1031.9
0.65 1031.81
0.6525 1031.71
0.655 1031.61
0.6575 1031.51
0.66 1031.4
0.6625 1031.3
0.665 1031.19
0.6675 1031.08
0.67 1030.97
0.6725 1030.85
0.675 1030.74
0.6775 1030.62
0.68 1030.5
0.6825 1030.38
0.685 1030.26
0.6875 1030.14
0.69 1030.01
0.6925 1029.88
0.695 1029.75
0.6975 1029.62
0.7 1029.49
0.7025 1029.36
0.705 1029.22
0.7075 1029.08
0.71 1028.94
0.7125 1028.8
0.715 1028.65
0.7175 1028.51
0.72 1028.36
0.7225 1028.21
0.725 1028.06
0.7275 1027.91
0.73 1027.75
0.7325 1027.59
0.735 1027.44
0.7375 1027.27
0.74 1027.11
0.7425 1026.95
0.745 1026.78
0.7475 1026.61
0.75 1026.45
0.7525 1026.27
0.755 1026.1
0.7575 1025.93
0.76 1025.75
0.7625 1025.57
0.765 1025.39
0.7675 1025.21
0.77 1025.02
0.7725 1024.84
0.775 1024.65
0.7775 1024.46
0.78 1024.27
0.7825 1024.07
0.785 1023.88
0.7875 1023.68
0.79 1023.48
0.7925 1023.28
0.795 1023.08
0.7975 1022.87
0.8 1022.67
0.8025 1022.46
0.805 1022.25
0.8075 1022.04
0.81 1021.82
0.8125 1021.61
0.815 1021.39
0.8175 1021.17
0.82 1020.95
0.8225 1020.73
0.825 1020.5
0.8275 1020.28
0.83 1020.05
0.8325 1019.82
0.835 1019.58
0.8375 1019.35
0.84 1019.11
0.8425 1018.88
0.845 1018.64
0.8475 1018.4
0.85 1018.15
0.8525 1017.91
0.855 1017.66
0.8575 1017.41
0.86 1017.16
0.8625 1016.91
0.865 1016.65
0.8675 1016.4
0.87 1016.14
0.8725 1015.88
0.875 1015.62
0.8775 1015.36
0.88 1015.09
0.8825 1014.82
0.885 1014.55
0.8875 1014.28
0.89 1014.01
0.8925 1013.74
0.895 1013.46
0.8975 1013.18
0.9 1012.9
0.9025 1012.62
0.905 1012.33
0.9075 1012.05
0.91 1011.76
0.9125 1011.47
0.915 1011.18
0.9175 1010.89
0.92 1010.59
0.9225 1010.3
0.925 1010
0.9275 1009.7
0.93 1009.39
0.9325 1009.09
0.935 1008.78
0.9375 1008.48
0.94 1008.17
0.9425 1007.86
0.945 1007.54
0.9475 1007.23
0.95 1006.91
0.9525 1006.59
0.955 1006.27
0.9575 1005.95
0.96 1005.62
0.9625 1005.3
0.965 1004.97
0.9675 1004.64
0.97 1004.31
0.9725 1003.97
0.975 1003.64
0.9775 1003.3
0.98 1002.96
0.9825 1002.62
0.985 1002.28
0.9875 1001.93
0.99 1001.58
0.9925 1001.23
0.995 1000.88
0.9975 1000.53
1 1000.18
1.0025 999.822
