0 -0.353245
0.0025 0.353245
0.005 1.06007
0.0075 1.76721
0.01 2.47469
0.0125 3.18249
0.015 3.89061
0.0175 4.59905
0.02 5.30782
0.0225 6.01691
0.025 6.72633
0.0275 7.43606
0.03 8.14611
0.0325 8.85648
0.035 9.56717
0.0375 10.2782
0.04 10.9895
0.0425 11.7011
0.045 12.4131
0.0475 13.1254
0.05 13.8379
0.0525 14.5508
0.055 15.264
0.0575 15.9776
0.06 16.6914
0.0625 17.4055
0.065 18.12
0.0675 18.8347
0.07 19.5498
0.0725 20.2651
0.075 20.9808
0.0775 21.6968
0.08 22.4131
0.0825 23.1296
0.085 23.8465
0.0875 24.5637
0.09 25.2812
0.0925 25.999
0.095 26.717
0.0975 27.4354
0.1 28.1541
0.1025 28.8731
0.105 29.5924
0.1075 30.3119
0.11 31.0318
0.1125 31.7519
0.115 32.4724
0.1175 33.1931
0.12 33.9141
0.1225 34.6354
0.125 35.357
0.1275 36.0789
0.13 36.8011
0.1325 37.5236
0.135 38.2463
0.1375 38.9694
0.14 39.6927
0.1425 40.4163
0.145 41.1402
0.1475 41.8643
0.15 42.5888
0.1525 43.3135
0.155 44.0385
0.1575 44.7638
0.16 45.4894
0.1625 46.2152
0.165 46.9413
0.1675 47.6677
0.17 48.3944
0.1725 49.1213
0.175 49.8485
0.1775 50.576
0.18 51.3037
0.1825 52.0318
0.185 52.76
0.1875 53.4886
0.19 54.2174
0.1925 54.9465
0.195 55.6759
0.1975 56.4055
0.2 57.1354
0.2025 57.8655
0.205 58.5959
0.2075 59.3266
0.21 60.0575
0.2125 60.7887
0.215 61.5201
0.2175 62.2518
0.22 62.9838
0.2225 63.716
0.225 64.4485
0.2275 65.1812
0.23 65.9142
0.2325 66.6474
0.235 67.3809
0.2375 68.1146
0.24 68.8486
0.2425 69.5829
0.245 70.3173
0.2475 71.0521
0.25 71.7871
0.2525 72.5223
0.255 73.2577
0.2575 73.9934
0.26 74.7294
0.2625 75.4656
0.265 76.202
0.2675 76.9387
0.27 77.6756
0.2725 78.4128
0.275 79.1502
0.2775 79.8878
0.28 80.6257
0.2825 81.3638
0.285 82.1021
0.2875 82.8407
0.29 83.5795
0.2925 84.3185
0.295 85.0578
0.2975 85.7973
0.3 86.537
0.3025 87.277
0.305 88.0172
0.3075 88.7576
0.31 89.4982
0.3125 90.2391
0.315 90.9801
0.3175 91.7214
0.32 92.463
0.3225 93.2047
0.325 93.9467
0.3275 94.6889
0.33 95.4313
0.3325 96.1739
0.335 96.9168
0.3375 97.6598
0.34 98.4031
0.3425 99.1466
0.345 99.8903
0.3475 100.634
0.35 101.378
0.3525 102.123
0.355 102.867
0.3575 103.612
0.36 104.357
0.3625 105.102
0.365 105.848
0.3675 106.593
0.37 107.339
0.3725 108.085
0.375 108.831
0.3775 109.577
0.38 110.324
0.3825 111.071
0.385 111.818
0.3875 112.565
0.39 113.313
0.3925 114.06
0.395 114.808
0.3975 115.556
0.4 116.304
0.4025 117.052
0.405 117.801
0.4075 118.55
0.41 119.299
0.4125 120.048
0.415 120.797
0.4175 121.547
0.42 122.296
0.4225 123.046
0.425 123.796
0.4275 124.547
0.43 125.297
0.4325 126.048
0.435 126.799
0.4375 127.55
0.44 128.301
0.4425 129.052
0.445 129.804
0.4475 130.555
0.45 131.307
0.4525 132.059
0.455 132.812
0.4575 133.564
0.46 134.317
0.4625 135.069
0.465 135.822
0.4675 136.575
0.47 137.329
0.4725 138.082
0.475 138.836
0.4775 139.589
0.48 140.343
0.4825 141.098
0.485 141.852
0.4875 142.606
0.49 143.361
0.4925 144.116
0.495 144.871
0.4975 145.626
0.5 146.381
0.5025 147.136
0.505 147.892
0.5075 148.648
0.51 149.404
0.5125 150.16
0.515 150.916
0.5175 151.672
0.52 152.429
0.5225 153.185
0.525 153.942
0.5275 154.699
0.53 155.456
0.5325 156.213
0.535 156.971
0.5375 157.728
0.54 158.486
0.5425 159.244
0.545 160.002
0.5475 160.76
0.55 161.518
0.5525 162.277
0.555 163.035
0.5575 163.794
0.56 164.553
0.5625 165.312
0.565 166.071
0.5675 166.83
0.57 167.59
0.5725 168.349
0.575 169.109
0.5775 169.869
0.58 170.629
0.5825 171.389
0.585 172.149
0.5875 172.909
0.59 173.67
0.5925 174.43
0.595 175.191
0.5975 175.952
0.6 176.713
0.6025 177.474
0.605 178.235
0.6075 178.997
0.61 179.758
0.6125 180.52
0.615 181.281
0.6175 182.043
0.62 182.805
0.6225 183.567
0.625 184.329
0.6275 185.092
0.63 185.854
0.6325 186.617
0.635 187.379
0.6375 188.142
0.64 188.905
0.6425 189.668
0.645 190.431
0.6475 191.195
0.65 191.958
0.6525 192.721
0.655 193.485
0.6575 194.249
0.66 195.012
0.6625 195.776
0.665 196.54
0.6675 197.304
0.67 198.069
0.6725 198.833
0.675 199.597
0.6775 200.362
0.68 201.127
0.6825 201.891
0.685 202.656
0.6875 203.421
0.69 204.186
0.6925 204.951
0.695 205.716
0.6975 206.482
0.7 207.247
0.7025 208.013
0.705 208.778
0.7075 209.544
0.71 210.31
0.7125 211.076
0.715 211.842
0.7175 212.608
0.72 213.374
0.7225 214.14
0.725 214.907
0.7275 215.673
0.73 216.44
0.7325 217.206
0.735 217.973
0.7375 218.74
0.74 219.507
0.7425 220.274
0.745 221.041
0.7475 221.808
0.75 222.575
0.7525 223.342
0.755 224.11
0.7575 224.877
0.76 225.645
0.7625 226.412
0.765 227.18
0.7675 227.948
0.77 228.715
0.7725 229.483
0.775 230.251
0.7775 231.019
0.78 231.788
0.7825 232.556
0.785 233.324
0.7875 234.093
0.79 234.861
0.7925 235.629
0.795 236.398
0.7975 237.167
0.8 237.935
0.8025 238.704
0.805 239.473
0.8075 240.242
0.81 241.011
0.8125 241.78
0.815 242.549
0.8175 243.318
0.82 244.088
0.8225 244.857
0.825 245.626
0.8275 246.396
0.83 247.165
0.8325 247.935
0.835 248.705
0.8375 249.474
0.84 250.244
0.8425 251.014
0.845 251.784
0.8475 252.554
0.85 253.324
0.8525 254.094
0.855 254.864
0.8575 255.634
0.86 256.404
0.8625 257.175
0.865 257.945
0.8675 258.715
0.87 259.486
0.8725 260.256
0.875 261.027
0.8775 261.797
0.88 262.568
0.8825 263.339
0.885 264.11
0.8875 264.88
0.89 265.651
0.8925 266.422
0.895 267.193
0.8975 267.964
0.9 268.735
0.9025 269.506
0.905 270.277
0.9075 271.049
0.91 271.82
0.9125 272.591
0.915 273.363
0.9175 274.134
0.92 274.905
0.9225 275.677
0.925 276.448
0.9275 277.22
0.93 277.992
0.9325 278.763
0.935 279.535
0.9375 280.307
0.94 281.079
0.9425 281.85
0.945 282.622
0.9475 283.394
0.95 284.166
0.9525 284.938
0.955 285.71
0.9575 286.482
0.96 287.254
0.9625 288.027
0.965 288.799
0.9675 289.571
0.97 290.343
0.9725 291.116
0.975 291.888
0.9775 292.66
0.98 293.433
0.9825 294.205
0.985 294.978
0.9875 295.75
0.99 296.523
0.9925 297.296
0.995 298.068
0.9975 298.841
1 299.614
1.0025 300.386
