0 3.36933e-05
0.0025 -3.36933e-05
0.005 -0.000103729
0.0075 -0.00017729
0.01 -0.000251888
0.0125 -0.000326541
0.015 -0.000400826
0.0175 -0.00047456
0.02 -0.000547669
0.0225 -0.000620122
0.025 -0.000691905
0.0275 -0.000763016
0.03 -0.000833454
0.0325 -0.000903222
0.035 -0.000972321
0.0375 -0.00104075
0.04 -0.00110852
0.0425 -0.00117563
0.045 -0.00124208
0.0475 -0.00130787
0.05 -0.001373
0.0525 -0.00143749
0.055 -0.00150132
0.0575 -0.00156451
0.06 -0.00162705
0.0625 -0.00168895
0.065 -0.0017502
0.0675 -0.00181082
0.07 -0.00187081
0.0725 -0.00193016
0.075 -0.00198888
0.0775 -0.00204697
0.08 -0.00210443
0.0825 -0.00216126
0.085 -0.00221748
0.0875 -0.00227307
0.09 -0.00232805
0.0925 -0.00238241
0.095 -0.00243615
0.0975 -0.00248928
0.1 -0.00254181
0.1025 -0.00259373
0.105 -0.00264504
0.1075 -0.00269575
0.11 -0.00274585
0.1125 -0.00279537
0.115 -0.00284428
0.1175 -0.0028926
0.12 -0.00294033
0.1225 -0.00298747
0.125 -0.00303402
0.1275 -0.00307998
0.13 -0.00312537
0.1325 -0.00317017
0.135 -0.0032144
0.1375 -0.00325805
0.14 -0.00330112
0.1425 -0.00334363
0.145 -0.00338556
0.1475 -0.00342693
0.15 -0.00346773
0.1525 -0.00350797
0.155 -0.00354765
0.1575 -0.00358678
0.16 -0.00362534
0.1625 -0.00366336
0.165 -0.00370082
0.1675 -0.00373773
0.17 -0.0037741
0.1725 -0.00380992
0.175 -0.0038452
0.1775 -0.00387994
0.18 -0.00391415
0.1825 -0.00394782
0.185 -0.00398095
0.1875 -0.00401356
0.19 -0.00404563
0.1925 -0.00407718
0.195 -0.00410821
0.1975 -0.00413871
0.2 -0.0041687
0.2025 -0.00419817
0.205 -0.00422712
0.2075 -0.00425556
0.21 -0.0042835
0.2125 -0.00431092
0.215 -0.00433784
0.2175 -0.00436425
0.22 -0.00439016
0.2225 -0.00441558
0.225 -0.0044405
0.2275 -0.00446492
0.23 -0.00448885
0.2325 -0.0045123
0.235 -0.00453525
0.2375 -0.00455772
0.24 -0.00457971
0.2425 -0.00460121
0.245 -0.00462224
0.2475 -0.00464279
0.25 -0.00466287
0.2525 -0.00468247
0.255 -0.00470161
0.2575 -0.00472028
0.26 -0.00473848
0.2625 -0.00475623
0.265 -0.00477351
0.2675 -0.00479033
0.27 -0.0048067
0.2725 -0.00482261
0.275 -0.00483807
0.2775 -0.00485309
0.28 -0.00486765
0.2825 -0.00488178
0.285 -0.00489546
0.2875 -0.0049087
0.29 -0.0049215
0.2925 -0.00493386
0.295 -0.0049458
0.2975 -0.0049573
0.3 -0.00496837
0.3025 -0.00497902
0.305 -0.00498924
0.3075 -0.00499904
0.31 -0.00500842
0.3125 -0.00501738
0.315 -0.00502593
0.3175 -0.00503406
0.32 -0.00504179
0.3225 -0.0050491
0.325 -0.00505601
0.3275 -0.00506252
0.33 -0.00506862
0.3325 -0.00507432
0.335 -0.00507963
0.3375 -0.00508454
0.34 -0.00508906
0.3425 -0.00509318
0.345 -0.00509692
0.3475 -0.00510027
0.35 -0.00510324
0.3525 -0.00510583
0.355 -0.00510804
0.3575 -0.00510987
0.36 -0.00511133
0.3625 -0.00511241
0.365 -0.00511312
0.3675 -0.00511347
0.37 -0.00511345
0.3725 -0.00511306
0.375 -0.00511232
0.3775 -0.00511122
0.38 -0.00510975
0.3825 -0.00510794
0.385 -0.00510577
0.3875 -0.00510325
0.39 -0.00510039
0.3925 -0.00509718
0.395 -0.00509362
0.3975 -0.00508973
0.4 -0.0050855
0.4025 -0.00508093
0.405 -0.00507602
0.4075 -0.00507079
0.41 -0.00506522
0.4125 -0.00505933
0.415 -0.00505312
0.4175 -0.00504658
0.42 -0.00503972
0.4225 -0.00503254
0.425 -0.00502504
0.4275 -0.00501724
0.43 -0.00500912
0.4325 -0.00500069
0.435 -0.00499196
0.4375 -0.00498292
0.44 -0.00497358
0.4425 -0.00496394
0.445 -0.004954
0.4475 -0.00494377
0.45 -0.00493324
0.4525 -0.00492242
0.455 -0.00491132
0.4575 -0.00489993
0.46 -0.00488825
0.4625 -0.0048763
0.465 -0.00486406
0.4675 -0.00485155
0.47 -0.00483877
0.4725 -0.00482571
0.475 -0.00481238
0.4775 -0.00479879
0.48 -0.00478493
0.4825 -0.0047708
0.485 -0.00475642
0.4875 -0.00474178
0.49 -0.00472688
0.4925 -0.00471173
0.495 -0.00469633
0.4975 -0.00468068
0.5 -0.00466478
0.5025 -0.00464864
0.505 -0.00463226
0.5075 -0.00461564
0.51 -0.00459878
0.5125 -0.00458169
0.515 -0.00456436
0.5175 -0.00454681
0.52 -0.00452902
0.5225 -0.00451102
0.525 -0.00449279
0.5275 -0.00447434
0.53 -0.00445567
0.5325 -0.00443678
0.535 -0.00441768
0.5375 -0.00439837
0.54 -0.00437886
0.5425 -0.00435913
0.545 -0.00433921
0.5475 -0.00431908
0.55 -0.00429875
0.5525 -0.00427823
0.555 -0.00425751
0.5575 -0.0042366
0.56 -0.0042155
0.5625 -0.00419422
0.565 -0.00417275
0.5675 -0.0041511
0.57 -0.00412927
0.5725 -0.00410726
0.575 -0.00408508
0.5775 -0.00406272
0.58 -0.0040402
0.5825 -0.00401751
0.585 -0.00399465
0.5875 -0.00397163
0.59 -0.00394845
0.5925 -0.00392512
0.595 -0.00390163
0.5975 -0.00387799
0.6 -0.00385419
0.6025 -0.00383025
0.605 -0.00380617
0.6075 -0.00378194
0.61 -0.00375757
0.6125 -0.00373307
0.615 -0.00370843
0.6175 -0.00368365
0.62 -0.00365875
0.6225 -0.00363372
0.625 -0.00360857
0.6275 -0.00358329
0.63 -0.00355789
0.6325 -0.00353238
0.635 -0.00350675
0.6375 -0.00348101
0.64 -0.00345516
0.6425 -0.0034292
0.645 -0.00340314
0.6475 -0.00337698
0.65 -0.00335072
0.6525 -0.00332436
0.655 -0.0032979
0.6575 -0.00327136
0.66 -0.00324472
0.6625 -0.003218
0.665 -0.0031912
0.6675 -0.00316432
0.67 -0.00313735
0.6725 -0.00311031
0.675 -0.0030832
0.6775 -0.00305602
0.68 -0.00302877
0.6825 -0.00300145
0.685 -0.00297407
0.6875 -0.00294663
0.69 -0.00291914
0.6925 -0.00289159
0.695 -0.00286399
0.6975 -0.00283634
0.7 -0.00280864
0.7025 -0.0027809
0.705 -0.00275312
0.7075 -0.0027253
0.71 -0.00269744
0.7125 -0.00266955
0.715 -0.00264163
0.7175 -0.00261368
0.72 -0.00258571
0.7225 -0.00255772
0.725 -0.00252971
0.7275 -0.00250168
0.73 -0.00247364
0.7325 -0.00244559
0.735 -0.00241753
0.7375 -0.00238946
0.74 -0.00236139
0.7425 -0.00233332
0.745 -0.00230526
0.7475 -0.0022772
0.75 -0.00224915
0.7525 -0.00222112
0.755 -0.00219309
0.7575 -0.00216509
0.76 -0.0021371
0.7625 -0.00210914
0.765 -0.00208121
0.7675 -0.0020533
0.77 -0.00202543
0.7725 -0.00199759
0.775 -0.00196979
0.7775 -0.00194202
0.78 -0.00191431
0.7825 -0.00188664
0.785 -0.00185902
0.7875 -0.00183145
0.79 -0.00180394
0.7925 -0.00177648
0.795 -0.00174909
0.7975 -0.00172176
0.8 -0.0016945
0.8025 -0.00166731
0.805 -0.00164019
0.8075 -0.00161316
0.81 -0.0015862
0.8125 -0.00155932
0.815 -0.00153253
0.8175 -0.00150583
0.82 -0.00147922
0.8225 -0.0014527
0.825 -0.00142629
0.8275 -0.00139997
0.83 -0.00137377
0.8325 -0.00134766
0.835 -0.00132168
0.8375 -0.0012958
0.84 -0.00127004
0.8425 -0.00124441
0.845 -0.0012189
0.8475 -0.00119351
0.85 -0.00116826
0.8525 -0.00114314
0.855 -0.00111816
0.8575 -0.00109332
0.86 -0.00106862
0.8625 -0.00104408
0.865 -0.00101968
0.8675 -0.000995442
0.87 -0.00097136
0.8725 -0.000947441
0.875 -0.000923687
0.8775 -0.000900102
0.88 -0.00087669
0.8825 -0.000853455
0.885 -0.000830401
0.8875 -0.00080753
0.89 -0.000784847
0.8925 -0.000762356
0.895 -0.00074006
0.8975 -0.000717963
0.9 -0.00069607
0.9025 -0.000674384
0.905 -0.000652909
0.9075 -0.000631648
0.91 -0.000610607
0.9125 -0.000589789
0.915 -0.000569199
0.9175 -0.000548839
0.92 -0.000528715
0.9225 -0.00050883
0.925 -0.00048919
0.9275 -0.000469797
0.93 -0.000450656
0.9325 -0.000431772
0.935 -0.000413149
0.9375 -0.000394791
0.94 -0.000376702
0.9425 -0.000358887
0.945 -0.000341349
0.9475 -0.000324094
0.95 -0.000307126
0.9525 -0.000290448
0.955 -0.000274066
0.9575 -0.000257983
0.96 -0.000242204
0.9625 -0.000226732
0.965 -0.000211572
0.9675 -0.000196729
0.97 -0.000182205
0.9725 -0.000168004
0.975 -0.00015413
0.9775 -0.000140584
0.98 -0.000127366
0.9825 -0.000114468
0.985 -0.000101868
0.9875 -8.95133e-05
0.99 -7.7275e-05
0.9925 -6.48529e-05
0.995 -5.1551e-05
0.9975 -3.57704e-05
1 -1.34782e-05
1.0025 1.34782e-05
