0 0.000313201
0.005 0.000313096
0.01 0.000312992
0.015 0.000312889
0.02 0.000312787
0.025 0.000312686
0.03 0.000312586
0.035 0.000312488
0.04 0.00031239
0.045 0.000312293
0.05 0.000312198
0.055 0.000312103
0.06 0.00031201
0.065 0.000311918
0.07 0.000311827
0.075 0.000311736
0.08 0.000311647
0.085 0.000311559
0.09 0.000311472
0.095 0.000311386
0.1 0.000311301
0.105 0.000311217
0.11 0.000311134
0.115 0.000311053
0.12 0.000310972
0.125 0.000310892
0.13 0.000310814
0.135 0.000310736
0.14 0.00031066
0.145 0.000310584
0.15 0.00031051
0.155 0.000310436
0.16 0.000310364
0.165 0.000310293
0.17 0.000310223
0.175 0.000310153
0.18 0.000310085
0.185 0.000310018
0.19 0.000309952
0.195 0.000309887
0.2 0.000309823
0.205 0.00030976
0.21 0.000309698
0.215 0.000309637
0.22 0.000309577
0.225 0.000309519
0.23 0.000309461
0.235 0.000309404
0.24 0.000309348
0.245 0.000309294
0.25 0.00030924
0.255 0.000309188
0.26 0.000309136
0.265 0.000309086
0.27 0.000309036
0.275 0.000308988
0.28 0.00030894
0.285 0.000308894
0.29 0.000308849
0.295 0.000308804
0.3 0.000308761
0.305 0.000308719
0.31 0.000308678
0.315 0.000308637
0.32 0.000308598
0.325 0.00030856
0.33 0.000308523
0.335 0.000308487
0.34 0.000308452
0.345 0.000308418
0.35 0.000308385
0.355 0.000308353
0.36 0.000308323
0.365 0.000308293
0.37 0.000308264
0.375 0.000308236
0.38 0.000308209
0.385 0.000308184
0.39 0.000308159
0.395 0.000308135
0.4 0.000308113
0.405 0.000308091
0.41 0.000308071
0.415 0.000308051
0.42 0.000308033
0.425 0.000308015
0.43 0.000307999
0.435 0.000307984
0.44 0.000307969
0.445 0.000307956
0.45 0.000307944
0.455 0.000307932
0.46 0.000307922
0.465 0.000307913
0.47 0.000307905
0.475 0.000307898
0.48 0.000307892
0.485 0.000307887
0.49 0.000307883
0.495 0.00030788
0.5 0.000307878
0.505 0.000307877
0.51 0.000307878
0.515 0.000307879
0.52 0.000307881
0.525 0.000307884
0.53 0.000307889
0.535 0.000307894
0.54 0.000307901
0.545 0.000307908
0.55 0.000307917
0.555 0.000307926
0.56 0.000307937
0.565 0.000307948
0.57 0.000307961
0.575 0.000307975
0.58 0.00030799
0.585 0.000308006
0.59 0.000308023
0.595 0.000308041
0.6 0.00030806
0.605 0.00030808
0.61 0.000308101
0.615 0.000308123
0.62 0.000308146
0.625 0.00030817
0.63 0.000308196
0.635 0.000308222
0.64 0.00030825
0.645 0.000308278
0.65 0.000308308
0.655 0.000308338
0.66 0.00030837
0.665 0.000308403
0.67 0.000308437
0.675 0.000308472
0.68 0.000308508
0.685 0.000308545
0.69 0.000308583
0.695 0.000308622
0.7 0.000308662
0.705 0.000308703
0.71 0.000308746
0.715 0.000308789
0.72 0.000308834
0.725 0.00030888
0.73 0.000308926
0.735 0.000308974
0.74 0.000309023
0.745 0.000309073
0.75 0.000309124
0.755 0.000309176
0.76 0.000309229
0.765 0.000309283
0.77 0.000309339
0.775 0.000309395
0.78 0.000309453
0.785 0.000309511
0.79 0.000309571
0.795 0.000309632
0.8 0.000309694
0.805 0.000309757
0.81 0.000309821
0.815 0.000309886
0.82 0.000309953
0.825 0.00031002
0.83 0.000310089
0.835 0.000310159
0.84 0.000310229
0.845 0.000310301
0.85 0.000310374
0.855 0.000310448
0.86 0.000310524
0.865 0.0003106
0.87 0.000310678
0.875 0.000310756
0.88 0.000310836
0.885 0.000310917
0.89 0.000310999
0.895 0.000311082
0.9 0.000311166
0.905 0.000311252
0.91 0.000311338
0.915 0.000311426
0.92 0.000311515
0.925 0.000311605
0.93 0.000311696
0.935 0.000311788
0.94 0.000311882
0.945 0.000311976
0.95 0.000312072
0.955 0.000312169
0.96 0.000312267
0.965 0.000312366
0.97 0.000312467
0.975 0.000312568
0.98 0.000312671
0.985 0.000312775
0.99 0.00031288
0.995 0.000312986
1 0.000313094
1.005 0.000313203
