0 0.0310069
0.005 0.0309965
0.01 0.0309862
0.015 0.030976
0.02 0.0309659
0.025 0.0309559
0.03 0.030946
0.035 0.0309363
0.04 0.0309266
0.045 0.030917
0.05 0.0309076
0.055 0.0308982
0.06 0.030889
0.065 0.0308799
0.07 0.0308708
0.075 0.0308619
0.08 0.0308531
0.085 0.0308443
0.09 0.0308357
0.095 0.0308272
0.1 0.0308188
0.105 0.0308105
0.11 0.0308023
0.115 0.0307942
0.12 0.0307862
0.125 0.0307783
0.13 0.0307706
0.135 0.0307629
0.14 0.0307553
0.145 0.0307478
0.15 0.0307405
0.155 0.0307332
0.16 0.030726
0.165 0.030719
0.17 0.030712
0.175 0.0307052
0.18 0.0306984
0.185 0.0306918
0.19 0.0306852
0.195 0.0306788
0.2 0.0306725
0.205 0.0306662
0.21 0.0306601
0.215 0.0306541
0.22 0.0306482
0.225 0.0306423
0.23 0.0306366
0.235 0.030631
0.24 0.0306255
0.245 0.0306201
0.25 0.0306148
0.255 0.0306096
0.26 0.0306045
0.265 0.0305995
0.27 0.0305946
0.275 0.0305898
0.28 0.0305851
0.285 0.0305805
0.29 0.030576
0.295 0.0305716
0.3 0.0305673
0.305 0.0305632
0.31 0.0305591
0.315 0.0305551
0.32 0.0305512
0.325 0.0305475
0.33 0.0305438
0.335 0.0305402
0.34 0.0305368
0.345 0.0305334
0.35 0.0305301
0.355 0.030527
0.36 0.0305239
0.365 0.030521
0.37 0.0305181
0.375 0.0305154
0.38 0.0305127
0.385 0.0305102
0.39 0.0305077
0.395 0.0305054
0.4 0.0305032
0.405 0.030501
0.41 0.030499
0.415 0.0304971
0.42 0.0304952
0.425 0.0304935
0.43 0.0304919
0.435 0.0304904
0.44 0.030489
0.445 0.0304876
0.45 0.0304864
0.455 0.0304853
0.46 0.0304843
0.465 0.0304834
0.47 0.0304826
0.475 0.0304819
0.48 0.0304813
0.485 0.0304808
0.49 0.0304804
0.495 0.0304801
0.5 0.0304799
0.505 0.0304799
0.51 0.0304799
0.515 0.03048
0.52 0.0304802
0.525 0.0304806
0.53 0.030481
0.535 0.0304815
0.54 0.0304822
0.545 0.0304829
0.55 0.0304837
0.555 0.0304847
0.56 0.0304857
0.565 0.0304869
0.57 0.0304882
0.575 0.0304895
0.58 0.030491
0.585 0.0304926
0.59 0.0304942
0.595 0.030496
0.6 0.0304979
0.605 0.0304999
0.61 0.030502
0.615 0.0305042
0.62 0.0305065
0.625 0.0305089
0.63 0.0305114
0.635 0.030514
0.64 0.0305167
0.645 0.0305195
0.65 0.0305225
0.655 0.0305255
0.66 0.0305286
0.665 0.0305319
0.67 0.0305352
0.675 0.0305387
0.68 0.0305423
0.685 0.0305459
0.69 0.0305497
0.695 0.0305536
0.7 0.0305576
0.705 0.0305616
0.71 0.0305658
0.715 0.0305701
0.72 0.0305746
0.725 0.0305791
0.73 0.0305837
0.735 0.0305884
0.74 0.0305933
0.745 0.0305982
0.75 0.0306033
0.755 0.0306084
0.76 0.0306137
0.765 0.0306191
0.77 0.0306245
0.775 0.0306301
0.78 0.0306358
0.785 0.0306416
0.79 0.0306476
0.795 0.0306536
0.8 0.0306597
0.805 0.0306659
0.81 0.0306723
0.815 0.0306788
0.82 0.0306853
0.825 0.030692
0.83 0.0306988
0.835 0.0307057
0.84 0.0307127
0.845 0.0307198
0.85 0.0307271
0.855 0.0307344
0.86 0.0307418
0.865 0.0307494
0.87 0.0307571
0.875 0.0307649
0.88 0.0307728
0.885 0.0307808
0.89 0.0307889
0.895 0.0307971
0.9 0.0308055
0.905 0.0308139
0.91 0.0308225
0.915 0.0308312
0.92 0.03084
0.925 0.0308489
0.93 0.0308579
0.935 0.030867
0.94 0.0308763
0.945 0.0308857
0.95 0.0308951
0.955 0.0309047
0.96 0.0309144
0.965 0.0309243
0.97 0.0309342
0.975 0.0309443
0.98 0.0309544
0.985 0.0309647
0.99 0.0309751
0.995 0.0309857
1 0.0309963
1.005 0.031007
