0 0.0313201
0.005 0.0313096
0.01 0.0312992
0.015 0.0312889
0.02 0.0312787
0.025 0.0312686
0.03 0.0312586
0.035 0.0312488
0.04 0.031239
0.045 0.0312293
0.05 0.0312198
0.055 0.0312103
0.06 0.031201
0.065 0.0311918
0.07 0.0311827
0.075 0.0311736
0.08 0.0311647
0.085 0.0311559
0.09 0.0311472
0.095 0.0311386
0.1 0.0311301
0.105 0.0311217
0.11 0.0311134
0.115 0.0311053
0.12 0.0310972
0.125 0.0310892
0.13 0.0310814
0.135 0.0310736
0.14 0.031066
0.145 0.0310584
0.15 0.031051
0.155 0.0310436
0.16 0.0310364
0.165 0.0310293
0.17 0.0310223
0.175 0.0310153
0.18 0.0310085
0.185 0.0310018
0.19 0.0309952
0.195 0.0309887
0.2 0.0309823
0.205 0.030976
0.21 0.0309698
0.215 0.0309637
0.22 0.0309577
0.225 0.0309519
0.23 0.0309461
0.235 0.0309404
0.24 0.0309348
0.245 0.0309294
0.25 0.030924
0.255 0.0309188
0.26 0.0309136
0.265 0.0309086
0.27 0.0309036
0.275 0.0308988
0.28 0.030894
0.285 0.0308894
0.29 0.0308849
0.295 0.0308804
0.3 0.0308761
0.305 0.0308719
0.31 0.0308678
0.315 0.0308637
0.32 0.0308598
0.325 0.030856
0.33 0.0308523
0.335 0.0308487
0.34 0.0308452
0.345 0.0308418
0.35 0.0308385
0.355 0.0308353
0.36 0.0308323
0.365 0.0308293
0.37 0.0308264
0.375 0.0308236
0.38 0.0308209
0.385 0.0308184
0.39 0.0308159
0.395 0.0308135
0.4 0.0308113
0.405 0.0308091
0.41 0.0308071
0.415 0.0308051
0.42 0.0308033
0.425 0.0308015
0.43 0.0307999
0.435 0.0307984
0.44 0.0307969
0.445 0.0307956
0.45 0.0307944
0.455 0.0307932
0.46 0.0307922
0.465 0.0307913
0.47 0.0307905
0.475 0.0307898
0.48 0.0307892
0.485 0.0307887
0.49 0.0307883
0.495 0.030788
0.5 0.0307878
0.505 0.0307877
0.51 0.0307878
0.515 0.0307879
0.52 0.0307881
0.525 0.0307884
0.53 0.0307889
0.535 0.0307894
0.54 0.0307901
0.545 0.0307908
0.55 0.0307917
0.555 0.0307926
0.56 0.0307937
0.565 0.0307948
0.57 0.0307961
0.575 0.0307975
0.58 0.030799
0.585 0.0308006
0.59 0.0308023
0.595 0.0308041
0.6 0.030806
0.605 0.030808
0.61 0.0308101
0.615 0.0308123
0.62 0.0308146
0.625 0.030817
0.63 0.0308196
0.635 0.0308222
0.64 0.030825
0.645 0.0308278
0.65 0.0308308
0.655 0.0308338
0.66 0.030837
0.665 0.0308403
0.67 0.0308437
0.675 0.0308472
0.68 0.0308508
0.685 0.0308545
0.69 0.0308583
0.695 0.0308622
0.7 0.0308662
0.705 0.0308703
0.71 0.0308746
0.715 0.0308789
0.72 0.0308834
0.725 0.030888
0.73 0.0308926
0.735 0.0308974
0.74 0.0309023
0.745 0.0309073
0.75 0.0309124
0.755 0.0309176
0.76 0.0309229
0.765 0.0309283
0.77 0.0309339
0.775 0.0309395
0.78 0.0309453
0.785 0.0309511
0.79 0.0309571
0.795 0.0309632
0.8 0.0309694
0.805 0.0309757
0.81 0.0309821
0.815 0.0309886
0.82 0.0309953
0.825 0.031002
0.83 0.0310089
0.835 0.0310159
0.84 0.0310229
0.845 0.0310301
0.85 0.0310374
0.855 0.0310448
0.86 0.0310524
0.865 0.03106
0.87 0.0310678
0.875 0.0310756
0.88 0.0310836
0.885 0.0310917
0.89 0.0310999
0.895 0.0311082
0.9 0.0311166
0.905 0.0311252
0.91 0.0311338
0.915 0.0311426
0.92 0.0311515
0.925 0.0311605
0.93 0.0311696
0.935 0.0311788
0.94 0.0311882
0.945 0.0311976
0.95 0.0312072
0.955 0.0312169
0.96 0.0312267
0.965 0.0312366
0.97 0.0312467
0.975 0.0312568
0.98 0.0312671
0.985 0.0312775
0.99 0.031288
0.995 0.0312986
1 0.0313094
1.005 0.0313203
