0 8218.11
0.005 8218.11
0.01 8218.11
0.015 8218.11
0.02 8218.11
0.025 8218.11
0.03 8218.11
0.035 8218.11
0.04 8218.11
0.045 8218.11
0.05 8218.11
0.055 8218.11
0.06 8218.11
0.065 8218.11
0.07 8218.11
0.075 8218.11
0.08 8218.11
0.085 8218.11
0.09 8218.11
0.095 8218.11
0.1 8218.11
0.105 8218.11
0.11 8218.11
0.115 8218.11
0.12 8218.11
0.125 8218.11
0.13 8218.11
0.135 8218.11
0.14 8218.11
0.145 8218.11
0.15 8218.11
0.155 8218.11
0.16 8218.11
0.165 8218.11
0.17 8218.11
0.175 8218.11
0.18 8218.11
0.185 8218.11
0.19 8218.11
0.195 8218.11
0.2 8218.11
0.205 8218.11
0.21 8218.11
0.215 8218.11
0.22 8218.11
0.225 8218.11
0.23 8218.11
0.235 8218.11
0.24 8218.11
0.245 8218.11
0.25 8218.11
0.255 8218.11
0.26 8218.11
0.265 8218.11
0.27 8218.11
0.275 8218.11
0.28 8218.11
0.285 8218.11
0.29 8218.11
0.295 8218.11
0.3 8218.11
0.305 8218.11
0.31 8218.11
0.315 8218.11
0.32 8218.11
0.325 8218.11
0.33 8218.11
0.335 8218.11
0.34 8218.11
0.345 8218.11
0.35 8218.11
0.355 8218.11
0.36 8218.11
0.365 8218.11
0.37 8218.11
0.375 8218.11
0.38 8218.11
0.385 8218.11
0.39 8218.11
0.395 8218.11
0.4 8218.11
0.405 8218.11
0.41 8218.11
0.415 8218.11
0.42 8218.11
0.425 8218.11
0.43 8218.11
0.435 8218.11
0.44 8218.11
0.445 8218.11
0.45 8218.11
0.455 8218.11
0.46 8218.11
0.465 8218.11
0.47 8218.11
0.475 8218.11
0.48 8218.11
0.485 8218.11
0.49 8218.11
0.495 8218.11
0.5 8218.11
0.505 8218.11
0.51 8218.11
0.515 8218.11
0.52 8218.11
0.525 8218.11
0.53 8218.11
0.535 8218.11
0.54 8218.11
0.545 8218.11
0.55 8218.11
0.555 8218.11
0.56 8218.11
0.565 8218.11
0.57 8218.11
0.575 8218.11
0.58 8218.11
0.585 8218.11
0.59 8218.11
0.595 8218.11
0.6 8218.11
0.605 8218.11
0.61 8218.11
0.615 8218.11
0.62 8218.11
0.625 8218.11
0.63 8218.11
0.635 8218.11
0.64 8218.11
0.645 8218.11
0.65 8218.11
0.655 8218.11
0.66 8218.11
0.665 8218.11
0.67 8218.11
0.675 8218.11
0.68 8218.11
0.685 8218.11
0.69 8218.11
0.695 8218.11
0.7 8218.11
0.705 8218.11
0.71 8218.11
0.715 8218.11
0.72 8218.11
0.725 8218.11
0.73 8218.11
0.735 8218.11
0.74 8218.11
0.745 8218.11
0.75 8218.11
0.755 8218.11
0.76 8218.11
0.765 8218.11
0.77 8218.11
0.775 8218.11
0.78 8218.11
0.785 8218.11
0.79 8218.11
0.795 8218.11
0.8 8218.11
0.805 8218.11
0.81 8218.11
0.815 8218.11
0.82 8218.11
0.825 8218.11
0.83 8218.11
0.835 8218.11
0.84 8218.11
0.845 8218.11
0.85 8218.11
0.855 8218.11
0.86 8218.11
0.865 8218.11
0.87 8218.11
0.875 8218.11
0.88 8218.11
0.885 8218.11
0.89 8218.11
0.895 8218.11
0.9 8218.11
0.905 8218.11
0.91 8218.11
0.915 8218.11
0.92 8218.11
0.925 8218.11
0.93 8218.11
0.935 8218.11
0.94 8218.11
0.945 8218.11
0.95 8218.11
0.955 8218.11
0.96 8218.11
0.965 8218.11
0.97 8218.11
0.975 8218.11
0.98 8218.11
0.985 8218.11
0.99 8218.11
0.995 8218.11
1 8218.11
1.005 8218.11
