0 0.725661
0.005 0.725661
0.01 2.17772
0.015 3.63052
0.02 5.08404
0.025 6.53829
0.03 7.99326
0.035 9.44895
0.04 10.9054
0.045 12.3625
0.05 13.8203
0.055 15.2788
0.06 16.738
0.065 18.198
0.07 19.6586
0.075 21.1199
0.08 22.5818
0.085 24.0445
0.09 25.5078
0.095 26.9718
0.1 28.4365
0.105 29.9018
0.11 31.3678
0.115 32.8344
0.12 34.3017
0.125 35.7697
0.13 37.2382
0.135 38.7075
0.14 40.1773
0.145 41.6478
0.15 43.1189
0.155 44.5907
0.16 46.063
0.165 47.536
0.17 49.0096
0.175 50.4838
0.18 51.9586
0.185 53.434
0.19 54.91
0.195 56.3866
0.2 57.8637
0.205 59.3415
0.21 60.8198
0.215 62.2988
0.22 63.7783
0.225 65.2583
0.23 66.7389
0.235 68.2201
0.24 69.7019
0.245 71.1842
0.25 72.667
0.255 74.1504
0.26 75.6344
0.265 77.1189
0.27 78.6039
0.275 80.0894
0.28 81.5755
0.285 83.0621
0.29 84.5492
0.295 86.0368
0.3 87.525
0.305 89.0136
0.31 90.5028
0.315 91.9925
0.32 93.4826
0.325 94.9733
0.33 96.4644
0.335 97.956
0.34 99.4481
0.345 100.941
0.35 102.434
0.355 103.927
0.36 105.421
0.365 106.916
0.37 108.411
0.375 109.906
0.38 111.402
0.385 112.898
0.39 114.395
0.395 115.892
0.4 117.39
0.405 118.888
0.41 120.386
0.415 121.885
0.42 123.384
0.425 124.884
0.43 126.384
0.435 127.885
0.44 129.386
0.445 130.887
0.45 132.389
0.455 133.891
0.46 135.394
0.465 136.897
0.47 138.4
0.475 139.904
0.48 141.408
0.485 142.912
0.49 144.417
0.495 145.923
0.5 147.428
0.505 148.934
0.51 150.44
0.515 151.947
0.52 153.454
0.525 154.961
0.53 156.469
0.535 157.977
0.54 159.486
0.545 160.994
0.55 162.503
0.555 164.013
0.56 165.522
0.565 167.032
0.57 168.543
0.575 170.053
0.58 171.564
0.585 173.076
0.59 174.587
0.595 176.099
0.6 177.611
0.605 179.124
0.61 180.636
0.615 182.149
0.62 183.663
0.625 185.176
0.63 186.69
0.635 188.204
0.64 189.718
0.645 191.233
0.65 192.748
0.655 194.263
0.66 195.778
0.665 197.294
0.67 198.81
0.675 200.326
0.68 201.843
0.685 203.359
0.69 204.876
0.695 206.393
0.7 207.91
0.705 209.428
0.71 210.946
0.715 212.464
0.72 213.982
0.725 215.5
0.73 217.019
0.735 218.537
0.74 220.056
0.745 221.576
0.75 223.095
0.755 224.615
0.76 226.134
0.765 227.654
0.77 229.174
0.775 230.695
0.78 232.215
0.785 233.736
0.79 235.256
0.795 236.777
0.8 238.299
0.805 239.82
0.81 241.341
0.815 242.863
0.82 244.384
0.825 245.906
0.83 247.428
0.835 248.95
0.84 250.473
0.845 251.995
0.85 253.518
0.855 255.04
0.86 256.563
0.865 258.086
0.87 259.609
0.875 261.132
0.88 262.655
0.885 264.179
0.89 265.702
0.895 267.226
0.9 268.749
0.905 270.273
0.91 271.797
0.915 273.321
0.92 274.845
0.925 276.369
0.93 277.893
0.935 279.417
0.94 280.941
0.945 282.466
0.95 283.99
0.955 285.515
0.96 287.039
0.965 288.564
0.97 290.089
0.975 291.613
0.98 293.138
0.985 294.663
0.99 296.188
0.995 297.713
1 299.238
1.005 300.762
