0 2.99545e-05
0.005 -2.99545e-05
0.01 -8.97013e-05
0.015 -0.000148827
0.02 -0.000206979
0.025 -0.000264041
0.03 -0.00031998
0.035 -0.00037479
0.04 -0.000428474
0.045 -0.000481039
0.05 -0.000532494
0.055 -0.000582846
0.06 -0.000632105
0.065 -0.000680279
0.07 -0.000727376
0.075 -0.000773406
0.08 -0.000818376
0.085 -0.000862295
0.09 -0.000905173
0.095 -0.000947017
0.1 -0.000987836
0.105 -0.00102764
0.11 -0.00106643
0.115 -0.00110423
0.12 -0.00114104
0.125 -0.00117686
0.13 -0.00121171
0.135 -0.0012456
0.14 -0.00127853
0.145 -0.00131051
0.15 -0.00134156
0.155 -0.00137167
0.16 -0.00140086
0.165 -0.00142914
0.17 -0.00145652
0.175 -0.00148299
0.18 -0.00150859
0.185 -0.0015333
0.19 -0.00155714
0.195 -0.00158012
0.2 -0.00160224
0.205 -0.00162352
0.21 -0.00164397
0.215 -0.00166359
0.22 -0.00168239
0.225 -0.00170037
0.23 -0.00171756
0.235 -0.00173395
0.24 -0.00174956
0.245 -0.00176439
0.25 -0.00177845
0.255 -0.00179175
0.26 -0.0018043
0.265 -0.00181611
0.27 -0.00182718
0.275 -0.00183753
0.28 -0.00184716
0.285 -0.00185608
0.29 -0.0018643
0.295 -0.00187183
0.3 -0.00187868
0.305 -0.00188485
0.31 -0.00189036
0.315 -0.00189521
0.32 -0.0018994
0.325 -0.00190296
0.33 -0.00190588
0.335 -0.00190818
0.34 -0.00190987
0.345 -0.00191095
0.35 -0.00191142
0.355 -0.00191131
0.36 -0.00191062
0.365 -0.00190935
0.37 -0.00190752
0.375 -0.00190513
0.38 -0.00190219
0.385 -0.00189871
0.39 -0.0018947
0.395 -0.00189017
0.4 -0.00188512
0.405 -0.00187956
0.41 -0.00187351
0.415 -0.00186697
0.42 -0.00185994
0.425 -0.00185245
0.43 -0.00184449
0.435 -0.00183607
0.44 -0.0018272
0.445 -0.0018179
0.45 -0.00180816
0.455 -0.00179801
0.46 -0.00178743
0.465 -0.00177646
0.47 -0.00176508
0.475 -0.00175331
0.48 -0.00174117
0.485 -0.00172865
0.49 -0.00171577
0.495 -0.00170253
0.5 -0.00168894
0.505 -0.00167501
0.51 -0.00166076
0.515 -0.00164618
0.52 -0.00163128
0.525 -0.00161609
0.53 -0.00160059
0.535 -0.0015848
0.54 -0.00156873
0.545 -0.00155239
0.55 -0.00153579
0.555 -0.00151893
0.56 -0.00150182
0.565 -0.00148447
0.57 -0.00146689
0.575 -0.00144909
0.58 -0.00143107
0.585 -0.00141285
0.59 -0.00139443
0.595 -0.00137582
0.6 -0.00135703
0.605 -0.00133807
0.61 -0.00131894
0.615 -0.00129965
0.62 -0.00128022
0.625 -0.00126064
0.63 -0.00124094
0.635 -0.00122111
0.64 -0.00120117
0.645 -0.00118112
0.65 -0.00116097
0.655 -0.00114073
0.66 -0.00112041
0.665 -0.00110002
0.67 -0.00107956
0.675 -0.00105905
0.68 -0.00103848
0.685 -0.00101788
0.69 -0.000997243
0.695 -0.000976583
0.7 -0.000955909
0.705 -0.000935227
0.71 -0.000914546
0.715 -0.000893875
0.72 -0.000873222
0.725 -0.000852596
0.73 -0.000832003
0.735 -0.000811454
0.74 -0.000790956
0.745 -0.000770517
0.75 -0.000750146
0.755 -0.000729851
0.76 -0.000709641
0.765 -0.000689524
0.77 -0.000669508
0.775 -0.000649601
0.78 -0.000629812
0.785 -0.000610149
0.79 -0.000590621
0.795 -0.000571235
0.8 -0.000552001
0.805 -0.000532927
0.81 -0.00051402
0.815 -0.00049529
0.82 -0.000476744
0.825 -0.000458392
0.83 -0.000440241
0.835 -0.0004223
0.84 -0.000404577
0.845 -0.000387081
0.85 -0.00036982
0.855 -0.000352802
0.86 -0.000336036
0.865 -0.000319531
0.87 -0.000303294
0.875 -0.000287334
0.88 -0.00027166
0.885 -0.00025628
0.89 -0.000241203
0.895 -0.000226437
0.9 -0.00021199
0.905 -0.000197871
0.91 -0.000184089
0.915 -0.000170652
0.92 -0.000157568
0.925 -0.000144847
0.93 -0.000132497
0.935 -0.000120525
0.94 -0.000108942
0.945 -9.77554e-05
0.95 -8.6974e-05
0.955 -7.66065e-05
0.96 -6.66617e-05
0.965 -5.71482e-05
0.97 -4.80748e-05
0.975 -3.94498e-05
0.98 -3.12813e-05
0.985 -2.35754e-05
0.99 -1.63328e-05
0.995 -9.53762e-06
1 -3.12422e-06
1.005 3.12422e-06
