0 1
1 0.997542
2 0.996127
3 0.994693
4 0.992958
5 0.990815
6 0.98819
7 0.98502
8 0.981248
9 0.976822
10 0.971698
11 0.965842
12 0.959231
13 0.95185
14 0.943701
15 0.934791
16 0.925141
17 0.914779
18 0.903742
19 0.892072
20 0.879816
21 0.867024
22 0.853749
23 0.840046
24 0.825967
25 0.811567
26 0.796897
27 0.782008
28 0.766947
29 0.751763
30 0.736497
31 0.721193
32 0.705889
33 0.690623
34 0.67543
35 0.660346
36 0.645402
37 0.63063
38 0.616061
39 0.601727
40 0.587658
41 0.573887
42 0.560446
43 0.54737
44 0.534696
45 0.522462
46 0.510711
47 0.499487
48 0.488837
49 0.478809
50 0.46945
51 0.460808
52 0.452919
53 0.445812
54 0.439499
55 0.43397
56 0.429191
57 0.425098
58 0.4216
59 0.41858
60 0.415898
61 0.413399
62 0.41092
63 0.408291
64 0.405342
65 0.401911
66 0.39785
67 0.393034
68 0.387375
69 0.380832
70 0.373423
71 0.365228
72 0.356391
73 0.347111
74 0.337622
75 0.328178
76 0.319026
77 0.310391
78 0.302452
79 0.29534
80 0.28913
81 0.283843
82 0.279455
83 0.275907
84 0.273111
85 0.270967
86 0.269365
87 0.268201
88 0.267381
89 0.266838
90 0.266544
91 0.266484
92 0.266449
93 0.265474
94 0.261076
95 0.249406
96 0.227844
97 0.198804
98 0.169518
99 0.125
