0 1
1 0.996563
2 0.994586
3 0.992584
4 0.990166
5 0.987181
6 0.983531
7 0.979131
8 0.973905
9 0.967786
10 0.96072
11 0.952667
12 0.943604
13 0.933524
14 0.922435
15 0.910364
16 0.897349
17 0.883443
18 0.868707
19 0.853212
20 0.837035
21 0.820254
22 0.802951
23 0.785209
24 0.767109
25 0.748728
26 0.730142
27 0.711422
28 0.692637
29 0.673849
30 0.655117
31 0.636496
32 0.618035
33 0.599781
34 0.581777
35 0.564061
36 0.546671
37 0.52964
38 0.513001
39 0.496784
40 0.481019
41 0.465735
42 0.450961
43 0.436728
44 0.423066
45 0.410008
46 0.39759
47 0.385847
48 0.374819
49 0.364544
50 0.355063
51 0.346411
52 0.338621
53 0.331714
54 0.325699
55 0.320568
56 0.31629
57 0.312814
58 0.310069
59 0.307964
60 0.306403
61 0.305283
62 0.30451
63 0.303995
64 0.303668
65 0.30347
66 0.303358
67 0.3033
68 0.303277
69 0.303273
70 0.303281
71 0.303295
72 0.303312
73 0.303331
74 0.303351
75 0.303371
76 0.303392
77 0.303414
78 0.303436
79 0.303458
80 0.303481
81 0.303504
82 0.303528
83 0.303553
84 0.303578
85 0.303602
86 0.303624
87 0.303641
88 0.303658
89 0.303699
90 0.303834
91 0.304127
92 0.304311
93 0.302899
94 0.295998
95 0.277724
96 0.2445
97 0.200833
98 0.158236
99 0.1
