0 0
1 0.00290881
2 0.00458514
3 0.0062861
4 0.00834426
5 0.0108905
6 0.0140129
7 0.0177898
8 0.0222942
9 0.0275937
10 0.0337483
11 0.0408088
12 0.0488155
13 0.0577977
14 0.0677732
15 0.0787491
16 0.0907218
17 0.103679
18 0.117599
19 0.132455
20 0.148214
21 0.164837
22 0.182284
23 0.200511
24 0.219474
25 0.239127
26 0.259425
27 0.280321
28 0.301772
29 0.323731
30 0.346156
31 0.369003
32 0.392228
33 0.415788
34 0.439641
35 0.46374
36 0.488042
37 0.512499
38 0.537059
39 0.561669
40 0.586271
41 0.610799
42 0.635181
43 0.659338
44 0.683179
45 0.706601
46 0.729489
47 0.751715
48 0.773136
49 0.793598
50 0.812938
51 0.830989
52 0.847591
53 0.8626
54 0.875904
55 0.887436
56 0.897184
57 0.905201
58 0.911603
59 0.916555
60 0.920263
61 0.922947
62 0.924824
63 0.926092
64 0.92692
65 0.927444
66 0.927766
67 0.92796
68 0.928078
69 0.928151
70 0.9282
71 0.928239
72 0.928273
73 0.928307
74 0.928343
75 0.928382
76 0.928425
77 0.928471
78 0.92852
79 0.928573
80 0.92863
81 0.928691
82 0.928754
83 0.92882
84 0.928889
85 0.928956
86 0.929018
87 0.929067
88 0.929114
89 0.929235
90 0.929635
91 0.930503
92 0.931048
93 0.926848
94 0.90609
95 0.849041
96 0.736285
97 0.565445
98 0.364166
99 0
