0 0.00176736
0.00166667 0.00176698
0.00333333 0.0017666
0.005 0.00176623
0.00666667 0.00176585
0.00833333 0.00176548
0.01 0.00176511
0.0116667 0.00176474
0.0133333 0.00176437
0.015 0.001764
0.0166667 0.00176363
0.0183333 0.00176327
0.02 0.0017629
0.0216667 0.00176254
0.0233333 0.00176217
0.025 0.00176181
0.0266667 0.00176145
0.0283333 0.00176109
0.03 0.00176074
0.0316667 0.00176038
0.0333333 0.00176003
0.035 0.00175967
0.0366667 0.00175932
0.0383333 0.00175897
0.04 0.00175862
0.0416667 0.00175827
0.0433333 0.00175792
0.045 0.00175757
0.0466667 0.00175723
0.0483333 0.00175688
0.05 0.00175654
0.0516667 0.0017562
0.0533333 0.00175586
0.055 0.00175552
0.0566667 0.00175518
0.0583333 0.00175484
0.06 0.00175451
0.0616667 0.00175417
0.0633333 0.00175384
0.065 0.00175351
0.0666667 0.00175318
0.0683333 0.00175285
0.07 0.00175252
0.0716667 0.00175219
0.0733333 0.00175186
0.075 0.00175154
0.0766667 0.00175122
0.0783333 0.00175089
0.08 0.00175057
0.0816667 0.00175025
0.0833333 0.00174993
0.085 0.00174962
0.0866667 0.0017493
0.0883333 0.00174898
0.09 0.00174867
0.0916667 0.00174836
0.0933333 0.00174805
0.095 0.00174774
0.0966667 0.00174743
0.0983333 0.00174712
0.1 0.00174681
0.101667 0.00174651
0.103333 0.0017462
0.105 0.0017459
0.106667 0.0017456
0.108333 0.0017453
0.11 0.001745
0.111667 0.0017447
0.113333 0.0017444
0.115 0.00174411
0.116667 0.00174381
0.118333 0.00174352
0.12 0.00174323
0.121667 0.00174294
0.123333 0.00174265
0.125 0.00174236
0.126667 0.00174207
0.128333 0.00174178
0.13 0.0017415
0.131667 0.00174122
0.133333 0.00174093
0.135 0.00174065
0.136667 0.00174037
0.138333 0.00174009
0.14 0.00173982
0.141667 0.00173954
0.143333 0.00173926
0.145 0.00173899
0.146667 0.00173872
0.148333 0.00173845
0.15 0.00173818
0.151667 0.00173791
0.153333 0.00173764
0.155 0.00173737
0.156667 0.00173711
0.158333 0.00173684
0.16 0.00173658
0.161667 0.00173632
0.163333 0.00173606
0.165 0.0017358
0.166667 0.00173554
0.168333 0.00173528
0.17 0.00173503
0.171667 0.00173477
0.173333 0.00173452
0.175 0.00173427
0.176667 0.00173402
0.178333 0.00173377
0.18 0.00173352
0.181667 0.00173327
0.183333 0.00173303
0.185 0.00173278
0.186667 0.00173254
0.188333 0.0017323
0.19 0.00173205
0.191667 0.00173181
0.193333 0.00173158
0.195 0.00173134
0.196667 0.0017311
0.198333 0.00173087
0.2 0.00173063
0.201667 0.0017304
0.203333 0.00173017
0.205 0.00172994
0.206667 0.00172971
0.208333 0.00172948
0.21 0.00172926
0.211667 0.00172903
0.213333 0.00172881
0.215 0.00172858
0.216667 0.00172836
0.218333 0.00172814
0.22 0.00172792
0.221667 0.00172771
0.223333 0.00172749
0.225 0.00172727
0.226667 0.00172706
0.228333 0.00172685
0.23 0.00172663
0.231667 0.00172642
0.233333 0.00172622
0.235 0.00172601
0.236667 0.0017258
0.238333 0.00172559
0.24 0.00172539
0.241667 0.00172519
0.243333 0.00172498
0.245 0.00172478
0.246667 0.00172458
0.248333 0.00172439
0.25 0.00172419
0.251667 0.00172399
0.253333 0.0017238
0.255 0.0017236
0.256667 0.00172341
0.258333 0.00172322
0.26 0.00172303
0.261667 0.00172284
0.263333 0.00172266
0.265 0.00172247
0.266667 0.00172228
0.268333 0.0017221
0.27 0.00172192
0.271667 0.00172174
0.273333 0.00172156
0.275 0.00172138
0.276667 0.0017212
0.278333 0.00172103
0.28 0.00172085
0.281667 0.00172068
0.283333 0.0017205
0.285 0.00172033
0.286667 0.00172016
0.288333 0.00171999
0.29 0.00171983
0.291667 0.00171966
0.293333 0.00171949
0.295 0.00171933
0.296667 0.00171917
0.298333 0.00171901
0.3 0.00171885
0.301667 0.00171869
0.303333 0.00171853
0.305 0.00171837
0.306667 0.00171822
0.308333 0.00171806
0.31 0.00171791
0.311667 0.00171776
0.313333 0.00171761
0.315 0.00171746
0.316667 0.00171731
0.318333 0.00171716
0.32 0.00171702
0.321667 0.00171687
0.323333 0.00171673
0.325 0.00171659
0.326667 0.00171645
0.328333 0.00171631
0.33 0.00171617
0.331667 0.00171603
0.333333 0.0017159
0.335 0.00171576
0.336667 0.00171563
0.338333 0.0017155
0.34 0.00171537
0.341667 0.00171524
0.343333 0.00171511
0.345 0.00171498
0.346667 0.00171486
0.348333 0.00171473
0.35 0.00171461
0.351667 0.00171449
0.353333 0.00171437
0.355 0.00171425
0.356667 0.00171413
0.358333 0.00171401
0.36 0.00171389
0.361667 0.00171378
0.363333 0.00171367
0.365 0.00171355
0.366667 0.00171344
0.368333 0.00171333
0.37 0.00171323
0.371667 0.00171312
0.373333 0.00171301
0.375 0.00171291
0.376667 0.0017128
0.378333 0.0017127
0.38 0.0017126
0.381667 0.0017125
0.383333 0.0017124
0.385 0.00171231
0.386667 0.00171221
0.388333 0.00171211
0.39 0.00171202
0.391667 0.00171193
0.393333 0.00171184
0.395 0.00171175
0.396667 0.00171166
0.398333 0.00171157
0.4 0.00171149
0.401667 0.0017114
0.403333 0.00171132
0.405 0.00171124
0.406667 0.00171116
0.408333 0.00171108
0.41 0.001711
0.411667 0.00171092
0.413333 0.00171084
0.415 0.00171077
0.416667 0.0017107
0.418333 0.00171062
0.42 0.00171055
0.421667 0.00171048
0.423333 0.00171041
0.425 0.00171035
0.426667 0.00171028
0.428333 0.00171022
0.43 0.00171015
0.431667 0.00171009
0.433333 0.00171003
0.435 0.00170997
0.436667 0.00170991
0.438333 0.00170985
0.44 0.0017098
0.441667 0.00170974
0.443333 0.00170969
0.445 0.00170964
0.446667 0.00170959
0.448333 0.00170954
0.45 0.00170949
0.451667 0.00170944
0.453333 0.0017094
0.455 0.00170935
0.456667 0.00170931
0.458333 0.00170927
0.46 0.00170923
0.461667 0.00170919
0.463333 0.00170915
0.465 0.00170911
0.466667 0.00170907
0.468333 0.00170904
0.47 0.00170901
0.471667 0.00170898
0.473333 0.00170894
0.475 0.00170892
0.476667 0.00170889
0.478333 0.00170886
0.48 0.00170883
0.481667 0.00170881
0.483333 0.00170879
0.485 0.00170877
0.486667 0.00170875
0.488333 0.00170873
0.49 0.00170871
0.491667 0.00170869
0.493333 0.00170868
0.495 0.00170866
0.496667 0.00170865
0.498333 0.00170864
0.5 0.00170863
0.501667 0.00170862
0.503333 0.00170861
0.505 0.0017086
0.506667 0.0017086
0.508333 0.00170859
0.51 0.00170859
0.511667 0.00170859
0.513333 0.00170859
0.515 0.00170859
0.516667 0.00170859
0.518333 0.0017086
0.52 0.0017086
0.521667 0.00170861
0.523333 0.00170862
0.525 0.00170863
0.526667 0.00170864
0.528333 0.00170865
0.53 0.00170866
0.531667 0.00170867
0.533333 0.00170869
0.535 0.00170871
0.536667 0.00170872
0.538333 0.00170874
0.54 0.00170876
0.541667 0.00170879
0.543333 0.00170881
0.545 0.00170883
0.546667 0.00170886
0.548333 0.00170889
0.55 0.00170891
0.551667 0.00170894
0.553333 0.00170898
0.555 0.00170901
0.556667 0.00170904
0.558333 0.00170908
0.56 0.00170911
0.561667 0.00170915
0.563333 0.00170919
0.565 0.00170923
0.566667 0.00170927
0.568333 0.00170931
0.57 0.00170936
0.571667 0.0017094
0.573333 0.00170945
0.575 0.00170949
0.576667 0.00170954
0.578333 0.00170959
0.58 0.00170965
0.581667 0.0017097
0.583333 0.00170975
0.585 0.00170981
0.586667 0.00170987
0.588333 0.00170992
0.59 0.00170998
0.591667 0.00171004
0.593333 0.00171011
0.595 0.00171017
0.596667 0.00171023
0.598333 0.0017103
0.6 0.00171037
0.601667 0.00171044
0.603333 0.00171051
0.605 0.00171058
0.606667 0.00171065
0.608333 0.00171072
0.61 0.0017108
0.611667 0.00171088
0.613333 0.00171095
0.615 0.00171103
0.616667 0.00171111
0.618333 0.0017112
0.62 0.00171128
0.621667 0.00171136
0.623333 0.00171145
0.625 0.00171154
0.626667 0.00171163
0.628333 0.00171172
0.63 0.00171181
0.631667 0.0017119
0.633333 0.00171199
0.635 0.00171209
0.636667 0.00171219
0.638333 0.00171228
0.64 0.00171238
0.641667 0.00171248
0.643333 0.00171259
0.645 0.00171269
0.646667 0.00171279
0.648333 0.0017129
0.65 0.00171301
0.651667 0.00171312
0.653333 0.00171323
0.655 0.00171334
0.656667 0.00171345
0.658333 0.00171356
0.66 0.00171368
0.661667 0.00171379
0.663333 0.00171391
0.665 0.00171403
0.666667 0.00171415
0.668333 0.00171428
0.67 0.0017144
0.671667 0.00171452
0.673333 0.00171465
0.675 0.00171478
0.676667 0.00171491
0.678333 0.00171504
0.68 0.00171517
0.681667 0.0017153
0.683333 0.00171543
0.685 0.00171557
0.686667 0.00171571
0.688333 0.00171585
0.69 0.00171599
0.691667 0.00171613
0.693333 0.00171627
0.695 0.00171641
0.696667 0.00171656
0.698333 0.0017167
0.7 0.00171685
0.701667 0.001717
0.703333 0.00171715
0.705 0.0017173
0.706667 0.00171746
0.708333 0.00171761
0.71 0.00171777
0.711667 0.00171793
0.713333 0.00171808
0.715 0.00171824
0.716667 0.00171841
0.718333 0.00171857
0.72 0.00171873
0.721667 0.0017189
0.723333 0.00171907
0.725 0.00171923
0.726667 0.0017194
0.728333 0.00171958
0.73 0.00171975
0.731667 0.00171992
0.733333 0.0017201
0.735 0.00172028
0.736667 0.00172045
0.738333 0.00172063
0.74 0.00172081
0.741667 0.001721
0.743333 0.00172118
0.745 0.00172137
0.746667 0.00172155
0.748333 0.00172174
0.75 0.00172193
0.751667 0.00172212
0.753333 0.00172231
0.755 0.00172251
0.756667 0.0017227
0.758333 0.0017229
0.76 0.0017231
0.761667 0.00172329
0.763333 0.0017235
0.765 0.0017237
0.766667 0.0017239
0.768333 0.00172411
0.77 0.00172431
0.771667 0.00172452
0.773333 0.00172473
0.775 0.00172494
0.776667 0.00172515
0.778333 0.00172536
0.78 0.00172558
0.781667 0.0017258
0.783333 0.00172601
0.785 0.00172623
0.786667 0.00172645
0.788333 0.00172667
0.79 0.0017269
0.791667 0.00172712
0.793333 0.00172735
0.795 0.00172758
0.796667 0.00172781
0.798333 0.00172804
0.8 0.00172827
0.801667 0.0017285
0.803333 0.00172874
0.805 0.00172897
0.806667 0.00172921
0.808333 0.00172945
0.81 0.00172969
0.811667 0.00172993
0.813333 0.00173018
0.815 0.00173042
0.816667 0.00173067
0.818333 0.00173092
0.82 0.00173116
0.821667 0.00173142
0.823333 0.00173167
0.825 0.00173192
0.826667 0.00173218
0.828333 0.00173243
0.83 0.00173269
0.831667 0.00173295
0.833333 0.00173321
0.835 0.00173347
0.836667 0.00173374
0.838333 0.001734
0.84 0.00173427
0.841667 0.00173454
0.843333 0.00173481
0.845 0.00173508
0.846667 0.00173535
0.848333 0.00173563
0.85 0.0017359
0.851667 0.00173618
0.853333 0.00173646
0.855 0.00173674
0.856667 0.00173702
0.858333 0.0017373
0.86 0.00173759
0.861667 0.00173787
0.863333 0.00173816
0.865 0.00173845
0.866667 0.00173874
0.868333 0.00173903
0.87 0.00173933
0.871667 0.00173962
0.873333 0.00173992
0.875 0.00174022
0.876667 0.00174051
0.878333 0.00174082
0.88 0.00174112
0.881667 0.00174142
0.883333 0.00174173
0.885 0.00174203
0.886667 0.00174234
0.888333 0.00174265
0.89 0.00174297
0.891667 0.00174328
0.893333 0.00174359
0.895 0.00174391
0.896667 0.00174423
0.898333 0.00174455
0.9 0.00174487
0.901667 0.00174519
0.903333 0.00174551
0.905 0.00174584
0.906667 0.00174616
0.908333 0.00174649
0.91 0.00174682
0.911667 0.00174715
0.913333 0.00174749
0.915 0.00174782
0.916667 0.00174816
0.918333 0.0017485
0.92 0.00174883
0.921667 0.00174918
0.923333 0.00174952
0.925 0.00174986
0.926667 0.00175021
0.928333 0.00175055
0.93 0.0017509
0.931667 0.00175125
0.933333 0.0017516
0.935 0.00175196
0.936667 0.00175231
0.938333 0.00175267
0.94 0.00175303
0.941667 0.00175338
0.943333 0.00175375
0.945 0.00175411
0.946667 0.00175447
0.948333 0.00175484
0.95 0.0017552
0.951667 0.00175557
0.953333 0.00175594
0.955 0.00175632
0.956667 0.00175669
0.958333 0.00175706
0.96 0.00175744
0.961667 0.00175782
0.963333 0.0017582
0.965 0.00175858
0.966667 0.00175896
0.968333 0.00175935
0.97 0.00175974
0.971667 0.00176012
0.973333 0.00176051
0.975 0.0017609
0.976667 0.0017613
0.978333 0.00176169
0.98 0.00176209
0.981667 0.00176248
0.983333 0.00176288
0.985 0.00176328
0.986667 0.00176369
0.988333 0.00176409
0.99 0.0017645
0.991667 0.0017649
0.993333 0.00176531
0.995 0.00176572
0.996667 0.00176614
0.998333 0.00176655
1 0.00176696
1.00167 0.00176738
