0 367.805
0.00166667 367.805
0.00333333 367.805
0.005 367.805
0.00666667 367.805
0.00833333 367.805
0.01 367.805
0.0116667 367.805
0.0133333 367.805
0.015 367.805
0.0166667 367.805
0.0183333 367.805
0.02 367.805
0.0216667 367.805
0.0233333 367.805
0.025 367.805
0.0266667 367.805
0.0283333 367.805
0.03 367.805
0.0316667 367.805
0.0333333 367.805
0.035 367.805
0.0366667 367.805
0.0383333 367.805
0.04 367.805
0.0416667 367.805
0.0433333 367.805
0.045 367.805
0.0466667 367.805
0.0483333 367.805
0.05 367.805
0.0516667 367.805
0.0533333 367.805
0.055 367.805
0.0566667 367.805
0.0583333 367.805
0.06 367.805
0.0616667 367.805
0.0633333 367.805
0.065 367.805
0.0666667 367.805
0.0683333 367.805
0.07 367.805
0.0716667 367.805
0.0733333 367.805
0.075 367.805
0.0766667 367.805
0.0783333 367.805
0.08 367.805
0.0816667 367.805
0.0833333 367.805
0.085 367.805
0.0866667 367.805
0.0883333 367.805
0.09 367.805
0.0916667 367.805
0.0933333 367.805
0.095 367.805
0.0966667 367.805
0.0983333 367.805
0.1 367.805
0.101667 367.805
0.103333 367.805
0.105 367.805
0.106667 367.805
0.108333 367.805
0.11 367.805
0.111667 367.805
0.113333 367.805
0.115 367.805
0.116667 367.805
0.118333 367.805
0.12 367.805
0.121667 367.805
0.123333 367.805
0.125 367.805
0.126667 367.805
0.128333 367.805
0.13 367.805
0.131667 367.805
0.133333 367.805
0.135 367.805
0.136667 367.805
0.138333 367.805
0.14 367.805
0.141667 367.805
0.143333 367.805
0.145 367.805
0.146667 367.805
0.148333 367.805
0.15 367.805
0.151667 367.805
0.153333 367.805
0.155 367.805
0.156667 367.805
0.158333 367.805
0.16 367.805
0.161667 367.805
0.163333 367.805
0.165 367.805
0.166667 367.805
0.168333 367.805
0.17 367.805
0.171667 367.805
0.173333 367.805
0.175 367.805
0.176667 367.805
0.178333 367.805
0.18 367.805
0.181667 367.805
0.183333 367.805
0.185 367.805
0.186667 367.805
0.188333 367.805
0.19 367.805
0.191667 367.805
0.193333 367.805
0.195 367.805
0.196667 367.805
0.198333 367.805
0.2 367.805
0.201667 367.805
0.203333 367.805
0.205 367.805
0.206667 367.805
0.208333 367.805
0.21 367.805
0.211667 367.805
0.213333 367.805
0.215 367.805
0.216667 367.805
0.218333 367.805
0.22 367.805
0.221667 367.805
0.223333 367.805
0.225 367.805
0.226667 367.805
0.228333 367.805
0.23 367.805
0.231667 367.805
0.233333 367.805
0.235 367.805
0.236667 367.805
0.238333 367.805
0.24 367.805
0.241667 367.805
0.243333 367.805
0.245 367.805
0.246667 367.805
0.248333 367.805
0.25 367.805
0.251667 367.805
0.253333 367.805
0.255 367.805
0.256667 367.805
0.258333 367.805
0.26 367.805
0.261667 367.805
0.263333 367.805
0.265 367.805
0.266667 367.805
0.268333 367.805
0.27 367.805
0.271667 367.805
0.273333 367.805
0.275 367.805
0.276667 367.805
0.278333 367.805
0.28 367.805
0.281667 367.805
0.283333 367.805
0.285 367.805
0.286667 367.805
0.288333 367.805
0.29 367.805
0.291667 367.805
0.293333 367.805
0.295 367.805
0.296667 367.805
0.298333 367.805
0.3 367.805
0.301667 367.805
0.303333 367.805
0.305 367.805
0.306667 367.805
0.308333 367.805
0.31 367.805
0.311667 367.805
0.313333 367.805
0.315 367.805
0.316667 367.805
0.318333 367.805
0.32 367.805
0.321667 367.805
0.323333 367.805
0.325 367.805
0.326667 367.805
0.328333 367.805
0.33 367.805
0.331667 367.805
0.333333 367.805
0.335 367.805
0.336667 367.805
0.338333 367.805
0.34 367.805
0.341667 367.805
0.343333 367.805
0.345 367.805
0.346667 367.805
0.348333 367.805
0.35 367.805
0.351667 367.805
0.353333 367.805
0.355 367.805
0.356667 367.805
0.358333 367.805
0.36 367.805
0.361667 367.805
0.363333 367.805
0.365 367.805
0.366667 367.805
0.368333 367.805
0.37 367.805
0.371667 367.805
0.373333 367.805
0.375 367.805
0.376667 367.805
0.378333 367.805
0.38 367.805
0.381667 367.805
0.383333 367.805
0.385 367.805
0.386667 367.805
0.388333 367.805
0.39 367.805
0.391667 367.805
0.393333 367.805
0.395 367.805
0.396667 367.805
0.398333 367.805
0.4 367.805
0.401667 367.805
0.403333 367.805
0.405 367.805
0.406667 367.805
0.408333 367.805
0.41 367.805
0.411667 367.805
0.413333 367.805
0.415 367.805
0.416667 367.805
0.418333 367.805
0.42 367.805
0.421667 367.805
0.423333 367.805
0.425 367.805
0.426667 367.805
0.428333 367.805
0.43 367.805
0.431667 367.805
0.433333 367.805
0.435 367.805
0.436667 367.805
0.438333 367.805
0.44 367.805
0.441667 367.805
0.443333 367.805
0.445 367.805
0.446667 367.805
0.448333 367.805
0.45 367.805
0.451667 367.805
0.453333 367.805
0.455 367.805
0.456667 367.805
0.458333 367.805
0.46 367.805
0.461667 367.805
0.463333 367.805
0.465 367.805
0.466667 367.805
0.468333 367.805
0.47 367.805
0.471667 367.805
0.473333 367.805
0.475 367.805
0.476667 367.805
0.478333 367.805
0.48 367.805
0.481667 367.805
0.483333 367.805
0.485 367.805
0.486667 367.805
0.488333 367.805
0.49 367.805
0.491667 367.805
0.493333 367.805
0.495 367.805
0.496667 367.805
0.498333 367.805
0.5 367.805
0.501667 367.805
0.503333 367.805
0.505 367.805
0.506667 367.805
0.508333 367.805
0.51 367.805
0.511667 367.805
0.513333 367.805
0.515 367.805
0.516667 367.805
0.518333 367.805
0.52 367.805
0.521667 367.805
0.523333 367.805
0.525 367.805
0.526667 367.805
0.528333 367.805
0.53 367.805
0.531667 367.805
0.533333 367.805
0.535 367.805
0.536667 367.805
0.538333 367.805
0.54 367.805
0.541667 367.805
0.543333 367.805
0.545 367.805
0.546667 367.805
0.548333 367.805
0.55 367.805
0.551667 367.805
0.553333 367.805
0.555 367.805
0.556667 367.805
0.558333 367.805
0.56 367.805
0.561667 367.805
0.563333 367.805
0.565 367.805
0.566667 367.805
0.568333 367.805
0.57 367.805
0.571667 367.805
0.573333 367.805
0.575 367.805
0.576667 367.805
0.578333 367.805
0.58 367.805
0.581667 367.805
0.583333 367.805
0.585 367.805
0.586667 367.805
0.588333 367.805
0.59 367.805
0.591667 367.805
0.593333 367.805
0.595 367.805
0.596667 367.805
0.598333 367.805
0.6 367.805
0.601667 367.805
0.603333 367.805
0.605 367.805
0.606667 367.805
0.608333 367.805
0.61 367.805
0.611667 367.805
0.613333 367.805
0.615 367.805
0.616667 367.805
0.618333 367.805
0.62 367.805
0.621667 367.805
0.623333 367.805
0.625 367.805
0.626667 367.805
0.628333 367.805
0.63 367.805
0.631667 367.805
0.633333 367.805
0.635 367.805
0.636667 367.805
0.638333 367.805
0.64 367.805
0.641667 367.805
0.643333 367.805
0.645 367.805
0.646667 367.805
0.648333 367.805
0.65 367.805
0.651667 367.805
0.653333 367.805
0.655 367.805
0.656667 367.805
0.658333 367.805
0.66 367.805
0.661667 367.805
0.663333 367.805
0.665 367.805
0.666667 367.805
0.668333 367.805
0.67 367.805
0.671667 367.805
0.673333 367.805
0.675 367.805
0.676667 367.805
0.678333 367.805
0.68 367.805
0.681667 367.805
0.683333 367.805
0.685 367.805
0.686667 367.805
0.688333 367.805
0.69 367.805
0.691667 367.805
0.693333 367.805
0.695 367.805
0.696667 367.805
0.698333 367.805
0.7 367.805
0.701667 367.805
0.703333 367.805
0.705 367.805
0.706667 367.805
0.708333 367.805
0.71 367.805
0.711667 367.805
0.713333 367.805
0.715 367.805
0.716667 367.805
0.718333 367.805
0.72 367.805
0.721667 367.805
0.723333 367.805
0.725 367.805
0.726667 367.805
0.728333 367.805
0.73 367.805
0.731667 367.805
0.733333 367.805
0.735 367.805
0.736667 367.805
0.738333 367.805
0.74 367.805
0.741667 367.805
0.743333 367.805
0.745 367.805
0.746667 367.805
0.748333 367.805
0.75 367.805
0.751667 367.805
0.753333 367.805
0.755 367.805
0.756667 367.805
0.758333 367.805
0.76 367.805
0.761667 367.805
0.763333 367.805
0.765 367.805
0.766667 367.805
0.768333 367.805
0.77 367.805
0.771667 367.805
0.773333 367.805
0.775 367.805
0.776667 367.805
0.778333 367.805
0.78 367.805
0.781667 367.805
0.783333 367.805
0.785 367.805
0.786667 367.805
0.788333 367.805
0.79 367.805
0.791667 367.805
0.793333 367.805
0.795 367.805
0.796667 367.805
0.798333 367.805
0.8 367.805
0.801667 367.805
0.803333 367.805
0.805 367.805
0.806667 367.805
0.808333 367.805
0.81 367.805
0.811667 367.805
0.813333 367.805
0.815 367.805
0.816667 367.805
0.818333 367.805
0.82 367.805
0.821667 367.805
0.823333 367.805
0.825 367.805
0.826667 367.805
0.828333 367.805
0.83 367.805
0.831667 367.805
0.833333 367.805
0.835 367.805
0.836667 367.805
0.838333 367.805
0.84 367.805
0.841667 367.805
0.843333 367.805
0.845 367.805
0.846667 367.805
0.848333 367.805
0.85 367.805
0.851667 367.805
0.853333 367.805
0.855 367.805
0.856667 367.805
0.858333 367.805
0.86 367.805
0.861667 367.805
0.863333 367.805
0.865 367.805
0.866667 367.805
0.868333 367.805
0.87 367.805
0.871667 367.805
0.873333 367.805
0.875 367.805
0.876667 367.805
0.878333 367.805
0.88 367.805
0.881667 367.805
0.883333 367.805
0.885 367.805
0.886667 367.805
0.888333 367.805
0.89 367.805
0.891667 367.805
0.893333 367.805
0.895 367.805
0.896667 367.805
0.898333 367.805
0.9 367.805
0.901667 367.805
0.903333 367.805
0.905 367.805
0.906667 367.805
0.908333 367.805
0.91 367.805
0.911667 367.805
0.913333 367.805
0.915 367.805
0.916667 367.805
0.918333 367.805
0.92 367.805
0.921667 367.805
0.923333 367.805
0.925 367.805
0.926667 367.805
0.928333 367.805
0.93 367.805
0.931667 367.805
0.933333 367.805
0.935 367.805
0.936667 367.805
0.938333 367.805
0.94 367.805
0.941667 367.805
0.943333 367.805
0.945 367.805
0.946667 367.805
0.948333 367.805
0.95 367.805
0.951667 367.805
0.953333 367.805
0.955 367.805
0.956667 367.805
0.958333 367.805
0.96 367.805
0.961667 367.805
0.963333 367.805
0.965 367.805
0.966667 367.805
0.968333 367.805
0.97 367.805
0.971667 367.805
0.973333 367.805
0.975 367.805
0.976667 367.805
0.978333 367.805
0.98 367.805
0.981667 367.805
0.983333 367.805
0.985 367.805
0.986667 367.805
0.988333 367.805
0.99 367.805
0.991667 367.805
0.993333 367.805
0.995 367.805
0.996667 367.805
0.998333 367.805
1 367.805
1.00167 367.805
