0 999.893
0.00166667 1000.11
0.00333333 1000.32
0.005 1000.53
0.00666667 1000.75
0.00833333 1000.96
0.01 1001.17
0.0116667 1001.38
0.0133333 1001.59
0.015 1001.8
0.0166667 1002.01
0.0183333 1002.21
0.02 1002.42
0.0216667 1002.63
0.0233333 1002.84
0.025 1003.04
0.0266667 1003.25
0.0283333 1003.45
0.03 1003.65
0.0316667 1003.86
0.0333333 1004.06
0.035 1004.26
0.0366667 1004.46
0.0383333 1004.66
0.04 1004.86
0.0416667 1005.06
0.0433333 1005.26
0.045 1005.46
0.0466667 1005.66
0.0483333 1005.86
0.05 1006.05
0.0516667 1006.25
0.0533333 1006.44
0.055 1006.64
0.0566667 1006.83
0.0583333 1007.03
0.06 1007.22
0.0616667 1007.41
0.0633333 1007.6
0.065 1007.79
0.0666667 1007.98
0.0683333 1008.17
0.07 1008.36
0.0716667 1008.55
0.0733333 1008.74
0.075 1008.92
0.0766667 1009.11
0.0783333 1009.3
0.08 1009.48
0.0816667 1009.67
0.0833333 1009.85
0.085 1010.03
0.0866667 1010.22
0.0883333 1010.4
0.09 1010.58
0.0916667 1010.76
0.0933333 1010.94
0.095 1011.12
0.0966667 1011.3
0.0983333 1011.48
0.1 1011.66
0.101667 1011.83
0.103333 1012.01
0.105 1012.18
0.106667 1012.36
0.108333 1012.53
0.11 1012.71
0.111667 1012.88
0.113333 1013.05
0.115 1013.22
0.116667 1013.4
0.118333 1013.57
0.12 1013.74
0.121667 1013.91
0.123333 1014.07
0.125 1014.24
0.126667 1014.41
0.128333 1014.58
0.13 1014.74
0.131667 1014.91
0.133333 1015.07
0.135 1015.24
0.136667 1015.4
0.138333 1015.56
0.14 1015.72
0.141667 1015.88
0.143333 1016.05
0.145 1016.21
0.146667 1016.36
0.148333 1016.52
0.15 1016.68
0.151667 1016.84
0.153333 1017
0.155 1017.15
0.156667 1017.31
0.158333 1017.46
0.16 1017.62
0.161667 1017.77
0.163333 1017.92
0.165 1018.07
0.166667 1018.23
0.168333 1018.38
0.17 1018.53
0.171667 1018.68
0.173333 1018.82
0.175 1018.97
0.176667 1019.12
0.178333 1019.27
0.18 1019.41
0.181667 1019.56
0.183333 1019.7
0.185 1019.85
0.186667 1019.99
0.188333 1020.13
0.19 1020.27
0.191667 1020.42
0.193333 1020.56
0.195 1020.7
0.196667 1020.84
0.198333 1020.97
0.2 1021.11
0.201667 1021.25
0.203333 1021.39
0.205 1021.52
0.206667 1021.66
0.208333 1021.79
0.21 1021.93
0.211667 1022.06
0.213333 1022.19
0.215 1022.32
0.216667 1022.45
0.218333 1022.58
0.22 1022.71
0.221667 1022.84
0.223333 1022.97
0.225 1023.1
0.226667 1023.23
0.228333 1023.35
0.23 1023.48
0.231667 1023.6
0.233333 1023.73
0.235 1023.85
0.236667 1023.97
0.238333 1024.09
0.24 1024.22
0.241667 1024.34
0.243333 1024.46
0.245 1024.58
0.246667 1024.69
0.248333 1024.81
0.25 1024.93
0.251667 1025.05
0.253333 1025.16
0.255 1025.28
0.256667 1025.39
0.258333 1025.5
0.26 1025.62
0.261667 1025.73
0.263333 1025.84
0.265 1025.95
0.266667 1026.06
0.268333 1026.17
0.27 1026.28
0.271667 1026.39
0.273333 1026.5
0.275 1026.6
0.276667 1026.71
0.278333 1026.81
0.28 1026.92
0.281667 1027.02
0.283333 1027.12
0.285 1027.23
0.286667 1027.33
0.288333 1027.43
0.29 1027.53
0.291667 1027.63
0.293333 1027.73
0.295 1027.83
0.296667 1027.92
0.298333 1028.02
0.3 1028.12
0.301667 1028.21
0.303333 1028.31
0.305 1028.4
0.306667 1028.49
0.308333 1028.58
0.31 1028.68
0.311667 1028.77
0.313333 1028.86
0.315 1028.95
0.316667 1029.03
0.318333 1029.12
0.32 1029.21
0.321667 1029.3
0.323333 1029.38
0.325 1029.47
0.326667 1029.55
0.328333 1029.64
0.33 1029.72
0.331667 1029.8
0.333333 1029.88
0.335 1029.96
0.336667 1030.04
0.338333 1030.12
0.34 1030.2
0.341667 1030.28
0.343333 1030.36
0.345 1030.43
0.346667 1030.51
0.348333 1030.58
0.35 1030.66
0.351667 1030.73
0.353333 1030.8
0.355 1030.87
0.356667 1030.95
0.358333 1031.02
0.36 1031.09
0.361667 1031.15
0.363333 1031.22
0.365 1031.29
0.366667 1031.36
0.368333 1031.42
0.37 1031.49
0.371667 1031.55
0.373333 1031.62
0.375 1031.68
0.376667 1031.74
0.378333 1031.8
0.38 1031.86
0.381667 1031.92
0.383333 1031.98
0.385 1032.04
0.386667 1032.1
0.388333 1032.16
0.39 1032.21
0.391667 1032.27
0.393333 1032.32
0.395 1032.38
0.396667 1032.43
0.398333 1032.48
0.4 1032.54
0.401667 1032.59
0.403333 1032.64
0.405 1032.69
0.406667 1032.74
0.408333 1032.78
0.41 1032.83
0.411667 1032.88
0.413333 1032.92
0.415 1032.97
0.416667 1033.01
0.418333 1033.06
0.42 1033.1
0.421667 1033.14
0.423333 1033.18
0.425 1033.22
0.426667 1033.26
0.428333 1033.3
0.43 1033.34
0.431667 1033.38
0.433333 1033.42
0.435 1033.45
0.436667 1033.49
0.438333 1033.52
0.44 1033.56
0.441667 1033.59
0.443333 1033.62
0.445 1033.65
0.446667 1033.68
0.448333 1033.71
0.45 1033.74
0.451667 1033.77
0.453333 1033.8
0.455 1033.83
0.456667 1033.85
0.458333 1033.88
0.46 1033.9
0.461667 1033.93
0.463333 1033.95
0.465 1033.97
0.466667 1033.99
0.468333 1034.01
0.47 1034.03
0.471667 1034.05
0.473333 1034.07
0.475 1034.09
0.476667 1034.11
0.478333 1034.12
0.48 1034.14
0.481667 1034.15
0.483333 1034.17
0.485 1034.18
0.486667 1034.19
0.488333 1034.2
0.49 1034.22
0.491667 1034.23
0.493333 1034.23
0.495 1034.24
0.496667 1034.25
0.498333 1034.26
0.5 1034.26
0.501667 1034.27
0.503333 1034.27
0.505 1034.28
0.506667 1034.28
0.508333 1034.28
0.51 1034.29
0.511667 1034.29
0.513333 1034.29
0.515 1034.29
0.516667 1034.28
0.518333 1034.28
0.52 1034.28
0.521667 1034.27
0.523333 1034.27
0.525 1034.26
0.526667 1034.26
0.528333 1034.25
0.53 1034.24
0.531667 1034.24
0.533333 1034.23
0.535 1034.22
0.536667 1034.21
0.538333 1034.19
0.54 1034.18
0.541667 1034.17
0.543333 1034.15
0.545 1034.14
0.546667 1034.12
0.548333 1034.11
0.55 1034.09
0.551667 1034.07
0.553333 1034.05
0.555 1034.03
0.556667 1034.01
0.558333 1033.99
0.56 1033.97
0.561667 1033.95
0.563333 1033.93
0.565 1033.9
0.566667 1033.88
0.568333 1033.85
0.57 1033.82
0.571667 1033.8
0.573333 1033.77
0.575 1033.74
0.576667 1033.71
0.578333 1033.68
0.58 1033.65
0.581667 1033.62
0.583333 1033.58
0.585 1033.55
0.586667 1033.52
0.588333 1033.48
0.59 1033.44
0.591667 1033.41
0.593333 1033.37
0.595 1033.33
0.596667 1033.29
0.598333 1033.25
0.6 1033.21
0.601667 1033.17
0.603333 1033.13
0.605 1033.08
0.606667 1033.04
0.608333 1033
0.61 1032.95
0.611667 1032.9
0.613333 1032.86
0.615 1032.81
0.616667 1032.76
0.618333 1032.71
0.62 1032.66
0.621667 1032.61
0.623333 1032.56
0.625 1032.51
0.626667 1032.45
0.628333 1032.4
0.63 1032.34
0.631667 1032.29
0.633333 1032.23
0.635 1032.17
0.636667 1032.11
0.638333 1032.06
0.64 1032
0.641667 1031.94
0.643333 1031.87
0.645 1031.81
0.646667 1031.75
0.648333 1031.69
0.65 1031.62
0.651667 1031.56
0.653333 1031.49
0.655 1031.42
0.656667 1031.35
0.658333 1031.29
0.66 1031.22
0.661667 1031.15
0.663333 1031.07
0.665 1031
0.666667 1030.93
0.668333 1030.86
0.67 1030.78
0.671667 1030.71
0.673333 1030.63
0.675 1030.56
0.676667 1030.48
0.678333 1030.4
0.68 1030.32
0.681667 1030.24
0.683333 1030.16
0.685 1030.08
0.686667 1030
0.688333 1029.91
0.69 1029.83
0.691667 1029.75
0.693333 1029.66
0.695 1029.57
0.696667 1029.49
0.698333 1029.4
0.7 1029.31
0.701667 1029.22
0.703333 1029.13
0.705 1029.04
0.706667 1028.95
0.708333 1028.85
0.71 1028.76
0.711667 1028.67
0.713333 1028.57
0.715 1028.48
0.716667 1028.38
0.718333 1028.28
0.72 1028.18
0.721667 1028.08
0.723333 1027.98
0.725 1027.88
0.726667 1027.78
0.728333 1027.68
0.73 1027.58
0.731667 1027.47
0.733333 1027.37
0.735 1027.26
0.736667 1027.16
0.738333 1027.05
0.74 1026.94
0.741667 1026.83
0.743333 1026.72
0.745 1026.61
0.746667 1026.5
0.748333 1026.39
0.75 1026.27
0.751667 1026.16
0.753333 1026.05
0.755 1025.93
0.756667 1025.82
0.758333 1025.7
0.76 1025.58
0.761667 1025.46
0.763333 1025.34
0.765 1025.22
0.766667 1025.1
0.768333 1024.98
0.77 1024.86
0.771667 1024.73
0.773333 1024.61
0.775 1024.48
0.776667 1024.36
0.778333 1024.23
0.78 1024.1
0.781667 1023.98
0.783333 1023.85
0.785 1023.72
0.786667 1023.59
0.788333 1023.45
0.79 1023.32
0.791667 1023.19
0.793333 1023.05
0.795 1022.92
0.796667 1022.78
0.798333 1022.65
0.8 1022.51
0.801667 1022.37
0.803333 1022.23
0.805 1022.09
0.806667 1021.95
0.808333 1021.81
0.81 1021.67
0.811667 1021.53
0.813333 1021.38
0.815 1021.24
0.816667 1021.09
0.818333 1020.95
0.82 1020.8
0.821667 1020.65
0.823333 1020.5
0.825 1020.35
0.826667 1020.2
0.828333 1020.05
0.83 1019.9
0.831667 1019.75
0.833333 1019.59
0.835 1019.44
0.836667 1019.29
0.838333 1019.13
0.84 1018.97
0.841667 1018.81
0.843333 1018.66
0.845 1018.5
0.846667 1018.34
0.848333 1018.18
0.85 1018.01
0.851667 1017.85
0.853333 1017.69
0.855 1017.52
0.856667 1017.36
0.858333 1017.19
0.86 1017.03
0.861667 1016.86
0.863333 1016.69
0.865 1016.52
0.866667 1016.35
0.868333 1016.18
0.87 1016.01
0.871667 1015.84
0.873333 1015.67
0.875 1015.49
0.876667 1015.32
0.878333 1015.14
0.88 1014.96
0.881667 1014.79
0.883333 1014.61
0.885 1014.43
0.886667 1014.25
0.888333 1014.07
0.89 1013.89
0.891667 1013.71
0.893333 1013.52
0.895 1013.34
0.896667 1013.16
0.898333 1012.97
0.9 1012.78
0.901667 1012.6
0.903333 1012.41
0.905 1012.22
0.906667 1012.03
0.908333 1011.84
0.91 1011.65
0.911667 1011.46
0.913333 1011.27
0.915 1011.07
0.916667 1010.88
0.918333 1010.68
0.92 1010.49
0.921667 1010.29
0.923333 1010.09
0.925 1009.89
0.926667 1009.69
0.928333 1009.49
0.93 1009.29
0.931667 1009.09
0.933333 1008.89
0.935 1008.69
0.936667 1008.48
0.938333 1008.28
0.94 1008.07
0.941667 1007.86
0.943333 1007.66
0.945 1007.45
0.946667 1007.24
0.948333 1007.03
0.95 1006.82
0.951667 1006.61
0.953333 1006.39
0.955 1006.18
0.956667 1005.97
0.958333 1005.75
0.96 1005.54
0.961667 1005.32
0.963333 1005.1
0.965 1004.89
0.966667 1004.67
0.968333 1004.45
0.97 1004.23
0.971667 1004.01
0.973333 1003.78
0.975 1003.56
0.976667 1003.34
0.978333 1003.11
0.98 1002.89
0.981667 1002.66
0.983333 1002.43
0.985 1002.21
0.986667 1001.98
0.988333 1001.75
0.99 1001.52
0.991667 1001.29
0.993333 1001.05
0.995 1000.82
0.996667 1000.59
0.998333 1000.35
1 1000.12
1.00167 999.882
