0 -0.235585
0.00166667 0.235585
0.00333333 0.706901
0.005 1.17836
0.00666667 1.64996
0.00833333 2.12171
0.01 2.5936
0.0116667 3.06564
0.0133333 3.53781
0.015 4.01013
0.0166667 4.48259
0.0183333 4.9552
0.02 5.42795
0.0216667 5.90083
0.0233333 6.37386
0.025 6.84704
0.0266667 7.32035
0.0283333 7.7938
0.03 8.26739
0.0316667 8.74113
0.0333333 9.215
0.035 9.68902
0.0366667 10.1632
0.0383333 10.6375
0.04 11.1119
0.0416667 11.5865
0.0433333 12.0612
0.045 12.536
0.0466667 13.011
0.0483333 13.4861
0.05 13.9614
0.0516667 14.4368
0.0533333 14.9124
0.055 15.388
0.0566667 15.8638
0.0583333 16.3398
0.06 16.8159
0.0616667 17.2921
0.0633333 17.7685
0.065 18.245
0.0666667 18.7216
0.0683333 19.1983
0.07 19.6752
0.0716667 20.1523
0.0733333 20.6294
0.075 21.1068
0.0766667 21.5842
0.0783333 22.0618
0.08 22.5395
0.0816667 23.0173
0.0833333 23.4953
0.085 23.9734
0.0866667 24.4516
0.0883333 24.93
0.09 25.4085
0.0916667 25.8871
0.0933333 26.3659
0.095 26.8448
0.0966667 27.3238
0.0983333 27.803
0.1 28.2823
0.101667 28.7617
0.103333 29.2412
0.105 29.7209
0.106667 30.2007
0.108333 30.6807
0.11 31.1607
0.111667 31.6409
0.113333 32.1213
0.115 32.6017
0.116667 33.0823
0.118333 33.563
0.12 34.0439
0.121667 34.5248
0.123333 35.0059
0.125 35.4872
0.126667 35.9685
0.128333 36.45
0.13 36.9316
0.131667 37.4133
0.133333 37.8952
0.135 38.3771
0.136667 38.8593
0.138333 39.3415
0.14 39.8238
0.141667 40.3063
0.143333 40.7889
0.145 41.2717
0.146667 41.7545
0.148333 42.2375
0.15 42.7206
0.151667 43.2038
0.153333 43.6872
0.155 44.1706
0.156667 44.6542
0.158333 45.1379
0.16 45.6218
0.161667 46.1057
0.163333 46.5898
0.165 47.074
0.166667 47.5583
0.168333 48.0428
0.17 48.5273
0.171667 49.012
0.173333 49.4968
0.175 49.9818
0.176667 50.4668
0.178333 50.952
0.18 51.4372
0.181667 51.9226
0.183333 52.4082
0.185 52.8938
0.186667 53.3796
0.188333 53.8654
0.19 54.3514
0.191667 54.8375
0.193333 55.3238
0.195 55.8101
0.196667 56.2966
0.198333 56.7831
0.2 57.2698
0.201667 57.7566
0.203333 58.2435
0.205 58.7306
0.206667 59.2177
0.208333 59.705
0.21 60.1924
0.211667 60.6799
0.213333 61.1675
0.215 61.6552
0.216667 62.1431
0.218333 62.631
0.22 63.1191
0.221667 63.6073
0.223333 64.0955
0.225 64.5839
0.226667 65.0725
0.228333 65.5611
0.23 66.0498
0.231667 66.5387
0.233333 67.0276
0.235 67.5167
0.236667 68.0059
0.238333 68.4952
0.24 68.9846
0.241667 69.4741
0.243333 69.9637
0.245 70.4534
0.246667 70.9433
0.248333 71.4332
0.25 71.9233
0.251667 72.4135
0.253333 72.9037
0.255 73.3941
0.256667 73.8846
0.258333 74.3752
0.26 74.8659
0.261667 75.3567
0.263333 75.8476
0.265 76.3386
0.266667 76.8298
0.268333 77.321
0.27 77.8124
0.271667 78.3038
0.273333 78.7954
0.275 79.287
0.276667 79.7788
0.278333 80.2706
0.28 80.7626
0.281667 81.2547
0.283333 81.7468
0.285 82.2391
0.286667 82.7315
0.288333 83.224
0.29 83.7166
0.291667 84.2093
0.293333 84.7021
0.295 85.195
0.296667 85.6879
0.298333 86.181
0.3 86.6742
0.301667 87.1675
0.303333 87.6609
0.305 88.1544
0.306667 88.648
0.308333 89.1417
0.31 89.6355
0.311667 90.1294
0.313333 90.6234
0.315 91.1175
0.316667 91.6117
0.318333 92.106
0.32 92.6004
0.321667 93.0949
0.323333 93.5895
0.325 94.0841
0.326667 94.5789
0.328333 95.0738
0.33 95.5688
0.331667 96.0638
0.333333 96.559
0.335 97.0543
0.336667 97.5496
0.338333 98.0451
0.34 98.5406
0.341667 99.0362
0.343333 99.532
0.345 100.028
0.346667 100.524
0.348333 101.02
0.35 101.516
0.351667 102.012
0.353333 102.508
0.355 103.005
0.356667 103.501
0.358333 103.998
0.36 104.494
0.361667 104.991
0.363333 105.488
0.365 105.985
0.366667 106.482
0.368333 106.979
0.37 107.476
0.371667 107.974
0.373333 108.471
0.375 108.969
0.376667 109.466
0.378333 109.964
0.38 110.461
0.381667 110.959
0.383333 111.457
0.385 111.955
0.386667 112.453
0.388333 112.952
0.39 113.45
0.391667 113.948
0.393333 114.447
0.395 114.945
0.396667 115.444
0.398333 115.942
0.4 116.441
0.401667 116.94
0.403333 117.439
0.405 117.938
0.406667 118.437
0.408333 118.936
0.41 119.436
0.411667 119.935
0.413333 120.435
0.415 120.934
0.416667 121.434
0.418333 121.934
0.42 122.433
0.421667 122.933
0.423333 123.433
0.425 123.933
0.426667 124.433
0.428333 124.934
0.43 125.434
0.431667 125.934
0.433333 126.435
0.435 126.935
0.436667 127.436
0.438333 127.937
0.44 128.437
0.441667 128.938
0.443333 129.439
0.445 129.94
0.446667 130.441
0.448333 130.942
0.45 131.444
0.451667 131.945
0.453333 132.446
0.455 132.948
0.456667 133.449
0.458333 133.951
0.46 134.453
0.461667 134.955
0.463333 135.456
0.465 135.958
0.466667 136.46
0.468333 136.962
0.47 137.465
0.471667 137.967
0.473333 138.469
0.475 138.972
0.476667 139.474
0.478333 139.977
0.48 140.479
0.481667 140.982
0.483333 141.485
0.485 141.987
0.486667 142.49
0.488333 142.993
0.49 143.496
0.491667 143.999
0.493333 144.503
0.495 145.006
0.496667 145.509
0.498333 146.013
0.5 146.516
0.501667 147.02
0.503333 147.523
0.505 148.027
0.506667 148.531
0.508333 149.035
0.51 149.538
0.511667 150.042
0.513333 150.546
0.515 151.051
0.516667 151.555
0.518333 152.059
0.52 152.563
0.521667 153.068
0.523333 153.572
0.525 154.077
0.526667 154.581
0.528333 155.086
0.53 155.591
0.531667 156.095
0.533333 156.6
0.535 157.105
0.536667 157.61
0.538333 158.115
0.54 158.62
0.541667 159.125
0.543333 159.631
0.545 160.136
0.546667 160.641
0.548333 161.147
0.55 161.652
0.551667 162.158
0.553333 162.663
0.555 163.169
0.556667 163.675
0.558333 164.181
0.56 164.686
0.561667 165.192
0.563333 165.698
0.565 166.204
0.566667 166.71
0.568333 167.217
0.57 167.723
0.571667 168.229
0.573333 168.735
0.575 169.242
0.576667 169.748
0.578333 170.255
0.58 170.761
0.581667 171.268
0.583333 171.775
0.585 172.282
0.586667 172.788
0.588333 173.295
0.59 173.802
0.591667 174.309
0.593333 174.816
0.595 175.323
0.596667 175.831
0.598333 176.338
0.6 176.845
0.601667 177.352
0.603333 177.86
0.605 178.367
0.606667 178.875
0.608333 179.382
0.61 179.89
0.611667 180.398
0.613333 180.905
0.615 181.413
0.616667 181.921
0.618333 182.429
0.62 182.937
0.621667 183.445
0.623333 183.953
0.625 184.461
0.626667 184.969
0.628333 185.477
0.63 185.985
0.631667 186.494
0.633333 187.002
0.635 187.51
0.636667 188.019
0.638333 188.527
0.64 189.036
0.641667 189.545
0.643333 190.053
0.645 190.562
0.646667 191.071
0.648333 191.58
0.65 192.088
0.651667 192.597
0.653333 193.106
0.655 193.615
0.656667 194.124
0.658333 194.634
0.66 195.143
0.661667 195.652
0.663333 196.161
0.665 196.67
0.666667 197.18
0.668333 197.689
0.67 198.199
0.671667 198.708
0.673333 199.218
0.675 199.727
0.676667 200.237
0.678333 200.746
0.68 201.256
0.681667 201.766
0.683333 202.276
0.685 202.786
0.686667 203.296
0.688333 203.805
0.69 204.315
0.691667 204.825
0.693333 205.336
0.695 205.846
0.696667 206.356
0.698333 206.866
0.7 207.376
0.701667 207.887
0.703333 208.397
0.705 208.907
0.706667 209.418
0.708333 209.928
0.71 210.439
0.711667 210.949
0.713333 211.46
0.715 211.97
0.716667 212.481
0.718333 212.992
0.72 213.502
0.721667 214.013
0.723333 214.524
0.725 215.035
0.726667 215.546
0.728333 216.057
0.73 216.568
0.731667 217.079
0.733333 217.59
0.735 218.101
0.736667 218.612
0.738333 219.123
0.74 219.635
0.741667 220.146
0.743333 220.657
0.745 221.168
0.746667 221.68
0.748333 222.191
0.75 222.703
0.751667 223.214
0.753333 223.726
0.755 224.237
0.756667 224.749
0.758333 225.26
0.76 225.772
0.761667 226.284
0.763333 226.795
0.765 227.307
0.766667 227.819
0.768333 228.331
0.77 228.843
0.771667 229.355
0.773333 229.867
0.775 230.379
0.776667 230.891
0.778333 231.403
0.78 231.915
0.781667 232.427
0.783333 232.939
0.785 233.451
0.786667 233.963
0.788333 234.476
0.79 234.988
0.791667 235.5
0.793333 236.013
0.795 236.525
0.796667 237.037
0.798333 237.55
0.8 238.062
0.801667 238.575
0.803333 239.087
0.805 239.6
0.806667 240.112
0.808333 240.625
0.81 241.138
0.811667 241.65
0.813333 242.163
0.815 242.676
0.816667 243.189
0.818333 243.701
0.82 244.214
0.821667 244.727
0.823333 245.24
0.825 245.753
0.826667 246.266
0.828333 246.779
0.83 247.292
0.831667 247.805
0.833333 248.318
0.835 248.831
0.836667 249.344
0.838333 249.857
0.84 250.37
0.841667 250.884
0.843333 251.397
0.845 251.91
0.846667 252.423
0.848333 252.937
0.85 253.45
0.851667 253.963
0.853333 254.477
0.855 254.99
0.856667 255.504
0.858333 256.017
0.86 256.53
0.861667 257.044
0.863333 257.558
0.865 258.071
0.866667 258.585
0.868333 259.098
0.87 259.612
0.871667 260.126
0.873333 260.639
0.875 261.153
0.876667 261.667
0.878333 262.181
0.88 262.694
0.881667 263.208
0.883333 263.722
0.885 264.236
0.886667 264.75
0.888333 265.264
0.89 265.778
0.891667 266.291
0.893333 266.805
0.895 267.319
0.896667 267.833
0.898333 268.347
0.9 268.862
0.901667 269.376
0.903333 269.89
0.905 270.404
0.906667 270.918
0.908333 271.432
0.91 271.946
0.911667 272.461
0.913333 272.975
0.915 273.489
0.916667 274.003
0.918333 274.518
0.92 275.032
0.921667 275.546
0.923333 276.061
0.925 276.575
0.926667 277.09
0.928333 277.604
0.93 278.118
0.931667 278.633
0.933333 279.147
0.935 279.662
0.936667 280.176
0.938333 280.691
0.94 281.205
0.941667 281.72
0.943333 282.235
0.945 282.749
0.946667 283.264
0.948333 283.779
0.95 284.293
0.951667 284.808
0.953333 285.323
0.955 285.837
0.956667 286.352
0.958333 286.867
0.96 287.382
0.961667 287.897
0.963333 288.411
0.965 288.926
0.966667 289.441
0.968333 289.956
0.97 290.471
0.971667 290.986
0.973333 291.501
0.975 292.016
0.976667 292.531
0.978333 293.046
0.98 293.561
0.981667 294.076
0.983333 294.591
0.985 295.106
0.986667 295.621
0.988333 296.136
0.99 296.651
0.991667 297.166
0.993333 297.682
0.995 298.197
0.996667 298.712
0.998333 299.227
1 299.742
1.00167 300.258
