0 1.44692e-05
0.00166667 -1.44692e-05
0.00333333 -4.47483e-05
0.005 -7.68596e-05
0.00666667 -0.000109604
0.00833333 -0.00014251
0.01 -0.000175376
0.0116667 -0.000208114
0.0133333 -0.000240686
0.015 -0.000273076
0.0166667 -0.000305277
0.0183333 -0.000337287
0.02 -0.000369105
0.0216667 -0.000400729
0.0233333 -0.000432161
0.025 -0.000463401
0.0266667 -0.000494448
0.0283333 -0.000525303
0.03 -0.000555966
0.0316667 -0.000586437
0.0333333 -0.000616717
0.035 -0.000646806
0.0366667 -0.000676705
0.0383333 -0.000706412
0.04 -0.00073593
0.0416667 -0.000765258
0.0433333 -0.000794396
0.045 -0.000823345
0.0466667 -0.000852105
0.0483333 -0.000880677
0.05 -0.000909061
0.0516667 -0.000937256
0.0533333 -0.000965265
0.055 -0.000993086
0.0566667 -0.00102072
0.0583333 -0.00104817
0.06 -0.00107543
0.0616667 -0.00110251
0.0633333 -0.0011294
0.065 -0.0011561
0.0666667 -0.00118263
0.0683333 -0.00120896
0.07 -0.00123512
0.0716667 -0.00126109
0.0733333 -0.00128687
0.075 -0.00131248
0.0766667 -0.0013379
0.0783333 -0.00136315
0.08 -0.00138821
0.0816667 -0.00141309
0.0833333 -0.00143778
0.085 -0.0014623
0.0866667 -0.00148664
0.0883333 -0.0015108
0.09 -0.00153479
0.0916667 -0.00155859
0.0933333 -0.00158222
0.095 -0.00160567
0.0966667 -0.00162894
0.0983333 -0.00165203
0.1 -0.00167495
0.101667 -0.0016977
0.103333 -0.00172026
0.105 -0.00174266
0.106667 -0.00176488
0.108333 -0.00178692
0.11 -0.0018088
0.111667 -0.0018305
0.113333 -0.00185202
0.115 -0.00187338
0.116667 -0.00189456
0.118333 -0.00191558
0.12 -0.00193642
0.121667 -0.00195709
0.123333 -0.00197759
0.125 -0.00199792
0.126667 -0.00201809
0.128333 -0.00203808
0.13 -0.00205791
0.131667 -0.00207757
0.133333 -0.00209706
0.135 -0.00211639
0.136667 -0.00213555
0.138333 -0.00215455
0.14 -0.00217337
0.141667 -0.00219204
0.143333 -0.00221054
0.145 -0.00222887
0.146667 -0.00224705
0.148333 -0.00226506
0.15 -0.0022829
0.151667 -0.00230059
0.153333 -0.00231811
0.155 -0.00233547
0.156667 -0.00235267
0.158333 -0.00236971
0.16 -0.00238659
0.161667 -0.00240331
0.163333 -0.00241987
0.165 -0.00243627
0.166667 -0.00245252
0.168333 -0.00246861
0.17 -0.00248453
0.171667 -0.00250031
0.173333 -0.00251592
0.175 -0.00253138
0.176667 -0.00254669
0.178333 -0.00256184
0.18 -0.00257683
0.181667 -0.00259167
0.183333 -0.00260636
0.185 -0.00262089
0.186667 -0.00263527
0.188333 -0.00264949
0.19 -0.00266357
0.191667 -0.00267749
0.193333 -0.00269126
0.195 -0.00270488
0.196667 -0.00271835
0.198333 -0.00273167
0.2 -0.00274484
0.201667 -0.00275787
0.203333 -0.00277074
0.205 -0.00278346
0.206667 -0.00279604
0.208333 -0.00280847
0.21 -0.00282075
0.211667 -0.00283288
0.213333 -0.00284487
0.215 -0.00285672
0.216667 -0.00286841
0.218333 -0.00287997
0.22 -0.00289138
0.221667 -0.00290264
0.223333 -0.00291376
0.225 -0.00292474
0.226667 -0.00293557
0.228333 -0.00294627
0.23 -0.00295682
0.231667 -0.00296723
0.233333 -0.00297749
0.235 -0.00298762
0.236667 -0.00299761
0.238333 -0.00300746
0.24 -0.00301716
0.241667 -0.00302673
0.243333 -0.00303616
0.245 -0.00304546
0.246667 -0.00305461
0.248333 -0.00306363
0.25 -0.00307251
0.251667 -0.00308125
0.253333 -0.00308986
0.255 -0.00309833
0.256667 -0.00310667
0.258333 -0.00311487
0.26 -0.00312294
0.261667 -0.00313088
0.263333 -0.00313868
0.265 -0.00314635
0.266667 -0.00315388
0.268333 -0.00316129
0.27 -0.00316856
0.271667 -0.0031757
0.273333 -0.00318271
0.275 -0.00318958
0.276667 -0.00319633
0.278333 -0.00320295
0.28 -0.00320944
0.281667 -0.0032158
0.283333 -0.00322204
0.285 -0.00322814
0.286667 -0.00323412
0.288333 -0.00323997
0.29 -0.00324569
0.291667 -0.00325129
0.293333 -0.00325676
0.295 -0.0032621
0.296667 -0.00326732
0.298333 -0.00327242
0.3 -0.00327739
0.301667 -0.00328224
0.303333 -0.00328697
0.305 -0.00329157
0.306667 -0.00329605
0.308333 -0.0033004
0.31 -0.00330464
0.311667 -0.00330875
0.313333 -0.00331275
0.315 -0.00331662
0.316667 -0.00332038
0.318333 -0.00332401
0.32 -0.00332752
0.321667 -0.00333092
0.323333 -0.0033342
0.325 -0.00333736
0.326667 -0.0033404
0.328333 -0.00334333
0.33 -0.00334614
0.331667 -0.00334883
0.333333 -0.00335141
0.335 -0.00335387
0.336667 -0.00335622
0.338333 -0.00335845
0.34 -0.00336057
0.341667 -0.00336257
0.343333 -0.00336447
0.345 -0.00336625
0.346667 -0.00336791
0.348333 -0.00336947
0.35 -0.00337091
0.351667 -0.00337225
0.353333 -0.00337347
0.355 -0.00337458
0.356667 -0.00337558
0.358333 -0.00337647
0.36 -0.00337726
0.361667 -0.00337793
0.363333 -0.0033785
0.365 -0.00337896
0.366667 -0.00337931
0.368333 -0.00337956
0.37 -0.0033797
0.371667 -0.00337973
0.373333 -0.00337966
0.375 -0.00337948
0.376667 -0.0033792
0.378333 -0.00337882
0.38 -0.00337833
0.381667 -0.00337773
0.383333 -0.00337704
0.385 -0.00337624
0.386667 -0.00337534
0.388333 -0.00337434
0.39 -0.00337323
0.391667 -0.00337203
0.393333 -0.00337073
0.395 -0.00336932
0.396667 -0.00336782
0.398333 -0.00336621
0.4 -0.00336451
0.401667 -0.00336271
0.403333 -0.00336081
0.405 -0.00335882
0.406667 -0.00335673
0.408333 -0.00335454
0.41 -0.00335225
0.411667 -0.00334987
0.413333 -0.0033474
0.415 -0.00334483
0.416667 -0.00334216
0.418333 -0.0033394
0.42 -0.00333655
0.421667 -0.00333361
0.423333 -0.00333057
0.425 -0.00332744
0.426667 -0.00332422
0.428333 -0.0033209
0.43 -0.0033175
0.431667 -0.003314
0.433333 -0.00331042
0.435 -0.00330674
0.436667 -0.00330298
0.438333 -0.00329913
0.44 -0.00329519
0.441667 -0.00329116
0.443333 -0.00328704
0.445 -0.00328284
0.446667 -0.00327855
0.448333 -0.00327418
0.45 -0.00326971
0.451667 -0.00326517
0.453333 -0.00326054
0.455 -0.00325582
0.456667 -0.00325102
0.458333 -0.00324614
0.46 -0.00324117
0.461667 -0.00323612
0.463333 -0.00323099
0.465 -0.00322578
0.466667 -0.00322048
0.468333 -0.00321511
0.47 -0.00320965
0.471667 -0.00320412
0.473333 -0.0031985
0.475 -0.00319281
0.476667 -0.00318704
0.478333 -0.00318118
0.48 -0.00317526
0.481667 -0.00316925
0.483333 -0.00316317
0.485 -0.00315701
0.486667 -0.00315077
0.488333 -0.00314446
0.49 -0.00313807
0.491667 -0.00313161
0.493333 -0.00312507
0.495 -0.00311847
0.496667 -0.00311178
0.498333 -0.00310503
0.5 -0.0030982
0.501667 -0.0030913
0.503333 -0.00308433
0.505 -0.00307728
0.506667 -0.00307017
0.508333 -0.00306298
0.51 -0.00305573
0.511667 -0.00304841
0.513333 -0.00304102
0.515 -0.00303355
0.516667 -0.00302603
0.518333 -0.00301843
0.52 -0.00301077
0.521667 -0.00300304
0.523333 -0.00299524
0.525 -0.00298738
0.526667 -0.00297945
0.528333 -0.00297146
0.53 -0.0029634
0.531667 -0.00295528
0.533333 -0.0029471
0.535 -0.00293885
0.536667 -0.00293054
0.538333 -0.00292217
0.54 -0.00291373
0.541667 -0.00290524
0.543333 -0.00289668
0.545 -0.00288807
0.546667 -0.00287939
0.548333 -0.00287066
0.55 -0.00286186
0.551667 -0.00285301
0.553333 -0.0028441
0.555 -0.00283513
0.556667 -0.0028261
0.558333 -0.00281702
0.56 -0.00280788
0.561667 -0.00279869
0.563333 -0.00278944
0.565 -0.00278013
0.566667 -0.00277078
0.568333 -0.00276136
0.57 -0.0027519
0.571667 -0.00274238
0.573333 -0.00273281
0.575 -0.00272318
0.576667 -0.00271351
0.578333 -0.00270378
0.58 -0.002694
0.581667 -0.00268418
0.583333 -0.0026743
0.585 -0.00266437
0.586667 -0.0026544
0.588333 -0.00264438
0.59 -0.00263431
0.591667 -0.00262419
0.593333 -0.00261402
0.595 -0.00260381
0.596667 -0.00259355
0.598333 -0.00258325
0.6 -0.0025729
0.601667 -0.00256251
0.603333 -0.00255207
0.605 -0.00254159
0.606667 -0.00253107
0.608333 -0.0025205
0.61 -0.0025099
0.611667 -0.00249925
0.613333 -0.00248855
0.615 -0.00247782
0.616667 -0.00246705
0.618333 -0.00245624
0.62 -0.00244539
0.621667 -0.0024345
0.623333 -0.00242357
0.625 -0.0024126
0.626667 -0.0024016
0.628333 -0.00239056
0.63 -0.00237949
0.631667 -0.00236837
0.633333 -0.00235723
0.635 -0.00234604
0.636667 -0.00233483
0.638333 -0.00232357
0.64 -0.00231229
0.641667 -0.00230097
0.643333 -0.00228962
0.645 -0.00227824
0.646667 -0.00226683
0.648333 -0.00225538
0.65 -0.00224391
0.651667 -0.0022324
0.653333 -0.00222087
0.655 -0.00220931
0.656667 -0.00219771
0.658333 -0.00218609
0.66 -0.00217445
0.661667 -0.00216277
0.663333 -0.00215107
0.665 -0.00213934
0.666667 -0.00212759
0.668333 -0.00211581
0.67 -0.00210401
0.671667 -0.00209218
0.673333 -0.00208033
0.675 -0.00206846
0.676667 -0.00205657
0.678333 -0.00204465
0.68 -0.00203271
0.681667 -0.00202075
0.683333 -0.00200877
0.685 -0.00199677
0.686667 -0.00198475
0.688333 -0.00197271
0.69 -0.00196065
0.691667 -0.00194858
0.693333 -0.00193649
0.695 -0.00192438
0.696667 -0.00191225
0.698333 -0.00190011
0.7 -0.00188795
0.701667 -0.00187578
0.703333 -0.0018636
0.705 -0.0018514
0.706667 -0.00183918
0.708333 -0.00182696
0.71 -0.00181472
0.711667 -0.00180247
0.713333 -0.00179021
0.715 -0.00177794
0.716667 -0.00176566
0.718333 -0.00175336
0.72 -0.00174106
0.721667 -0.00172876
0.723333 -0.00171644
0.725 -0.00170411
0.726667 -0.00169178
0.728333 -0.00167945
0.73 -0.0016671
0.731667 -0.00165475
0.733333 -0.0016424
0.735 -0.00163004
0.736667 -0.00161768
0.738333 -0.00160532
0.74 -0.00159295
0.741667 -0.00158058
0.743333 -0.00156821
0.745 -0.00155584
0.746667 -0.00154347
0.748333 -0.00153109
0.75 -0.00151872
0.751667 -0.00150635
0.753333 -0.00149398
0.755 -0.00148162
0.756667 -0.00146926
0.758333 -0.0014569
0.76 -0.00144454
0.761667 -0.00143219
0.763333 -0.00141984
0.765 -0.0014075
0.766667 -0.00139517
0.768333 -0.00138284
0.77 -0.00137052
0.771667 -0.00135821
0.773333 -0.00134591
0.775 -0.00133361
0.776667 -0.00132133
0.778333 -0.00130905
0.78 -0.00129679
0.781667 -0.00128453
0.783333 -0.00127229
0.785 -0.00126007
0.786667 -0.00124785
0.788333 -0.00123565
0.79 -0.00122346
0.791667 -0.00121129
0.793333 -0.00119913
0.795 -0.00118699
0.796667 -0.00117486
0.798333 -0.00116276
0.8 -0.00115067
0.801667 -0.0011386
0.803333 -0.00112654
0.805 -0.00111451
0.806667 -0.0011025
0.808333 -0.0010905
0.81 -0.00107853
0.811667 -0.00106658
0.813333 -0.00105465
0.815 -0.00104275
0.816667 -0.00103087
0.818333 -0.00101901
0.82 -0.00100718
0.821667 -0.000995374
0.823333 -0.000983594
0.825 -0.00097184
0.826667 -0.000960114
0.828333 -0.000948415
0.83 -0.000936744
0.831667 -0.000925103
0.833333 -0.000913491
0.835 -0.00090191
0.836667 -0.000890359
0.838333 -0.00087884
0.84 -0.000867352
0.841667 -0.000855898
0.843333 -0.000844476
0.845 -0.000833089
0.846667 -0.000821736
0.848333 -0.000810418
0.85 -0.000799136
0.851667 -0.00078789
0.853333 -0.000776681
0.855 -0.000765509
0.856667 -0.000754376
0.858333 -0.000743282
0.86 -0.000732227
0.861667 -0.000721212
0.863333 -0.000710238
0.865 -0.000699305
0.866667 -0.000688414
0.868333 -0.000677565
0.87 -0.00066676
0.871667 -0.000655998
0.873333 -0.000645281
0.875 -0.000634609
0.876667 -0.000623982
0.878333 -0.000613402
0.88 -0.000602869
0.881667 -0.000592384
0.883333 -0.000581947
0.885 -0.000571558
0.886667 -0.000561219
0.888333 -0.000550931
0.89 -0.000540693
0.891667 -0.000530507
0.893333 -0.000520373
0.895 -0.000510292
0.896667 -0.000500264
0.898333 -0.00049029
0.9 -0.000480371
0.901667 -0.000470508
0.903333 -0.000460701
0.905 -0.000450951
0.906667 -0.000441258
0.908333 -0.000431624
0.91 -0.000422048
0.911667 -0.000412533
0.913333 -0.000403077
0.915 -0.000393683
0.916667 -0.000384351
0.918333 -0.000375081
0.92 -0.000365875
0.921667 -0.000356733
0.923333 -0.000347655
0.925 -0.000338643
0.926667 -0.000329698
0.928333 -0.00032082
0.93 -0.00031201
0.931667 -0.000303269
0.933333 -0.000294597
0.935 -0.000285996
0.936667 -0.000277467
0.938333 -0.00026901
0.94 -0.000260626
0.941667 -0.000252316
0.943333 -0.000244081
0.945 -0.000235921
0.946667 -0.000227839
0.948333 -0.000219835
0.95 -0.000211909
0.951667 -0.000204064
0.953333 -0.000196299
0.955 -0.000188616
0.956667 -0.000181016
0.958333 -0.000173501
0.96 -0.00016607
0.961667 -0.000158726
0.963333 -0.000151469
0.965 -0.000144301
0.966667 -0.000137223
0.968333 -0.000130236
0.97 -0.000123341
0.971667 -0.00011654
0.973333 -0.000109834
0.975 -0.000103224
0.976667 -9.67112e-05
0.978333 -9.02977e-05
0.98 -8.39843e-05
0.981667 -7.77723e-05
0.983333 -7.16628e-05
0.985 -6.56561e-05
0.986667 -5.97516e-05
0.988333 -5.39455e-05
0.99 -4.82274e-05
0.991667 -4.25713e-05
0.993333 -3.69151e-05
0.995 -3.1114e-05
0.996667 -2.48316e-05
0.998333 -1.72955e-05
1 -6.53257e-06
1.00167 6.53257e-06
