0 0.0342903
0.005 0.0342787
0.01 0.0342674
0.015 0.0342561
0.02 0.0342449
0.025 0.0342339
0.03 0.034223
0.035 0.0342122
0.04 0.0342015
0.045 0.0341909
0.05 0.0341804
0.055 0.0341701
0.06 0.0341599
0.065 0.0341498
0.07 0.0341398
0.075 0.0341299
0.08 0.0341201
0.085 0.0341105
0.09 0.034101
0.095 0.0340916
0.1 0.0340823
0.105 0.0340731
0.11 0.034064
0.115 0.0340551
0.12 0.0340462
0.125 0.0340375
0.13 0.0340289
0.135 0.0340204
0.14 0.034012
0.145 0.0340038
0.15 0.0339956
0.155 0.0339876
0.16 0.0339797
0.165 0.0339719
0.17 0.0339642
0.175 0.0339566
0.18 0.0339491
0.185 0.0339418
0.19 0.0339345
0.195 0.0339274
0.2 0.0339204
0.205 0.0339135
0.21 0.0339067
0.215 0.0339001
0.22 0.0338935
0.225 0.0338871
0.23 0.0338808
0.235 0.0338745
0.24 0.0338685
0.245 0.0338625
0.25 0.0338566
0.255 0.0338508
0.26 0.0338452
0.265 0.0338397
0.27 0.0338343
0.275 0.033829
0.28 0.0338238
0.285 0.0338187
0.29 0.0338137
0.295 0.0338089
0.3 0.0338041
0.305 0.0337995
0.31 0.033795
0.315 0.0337906
0.32 0.0337863
0.325 0.0337821
0.33 0.0337781
0.335 0.0337741
0.34 0.0337703
0.345 0.0337666
0.35 0.033763
0.355 0.0337595
0.36 0.0337561
0.365 0.0337529
0.37 0.0337497
0.375 0.0337467
0.38 0.0337437
0.385 0.0337409
0.39 0.0337382
0.395 0.0337356
0.4 0.0337332
0.405 0.0337308
0.41 0.0337285
0.415 0.0337264
0.42 0.0337244
0.425 0.0337225
0.43 0.0337207
0.435 0.033719
0.44 0.0337174
0.445 0.033716
0.45 0.0337146
0.455 0.0337134
0.46 0.0337123
0.465 0.0337113
0.47 0.0337104
0.475 0.0337096
0.48 0.033709
0.485 0.0337084
0.49 0.033708
0.495 0.0337077
0.5 0.0337075
0.505 0.0337074
0.51 0.0337074
0.515 0.0337075
0.52 0.0337078
0.525 0.0337081
0.53 0.0337086
0.535 0.0337092
0.54 0.0337099
0.545 0.0337107
0.55 0.0337117
0.555 0.0337127
0.56 0.0337139
0.565 0.0337152
0.57 0.0337166
0.575 0.0337181
0.58 0.0337197
0.585 0.0337214
0.59 0.0337233
0.595 0.0337252
0.6 0.0337273
0.605 0.0337295
0.61 0.0337318
0.615 0.0337343
0.62 0.0337368
0.625 0.0337395
0.63 0.0337422
0.635 0.0337451
0.64 0.0337481
0.645 0.0337513
0.65 0.0337545
0.655 0.0337579
0.66 0.0337613
0.665 0.0337649
0.67 0.0337686
0.675 0.0337724
0.68 0.0337764
0.685 0.0337804
0.69 0.0337846
0.695 0.0337889
0.7 0.0337933
0.705 0.0337978
0.71 0.0338025
0.715 0.0338072
0.72 0.0338121
0.725 0.0338171
0.73 0.0338222
0.735 0.0338275
0.74 0.0338328
0.745 0.0338383
0.75 0.0338439
0.755 0.0338496
0.76 0.0338554
0.765 0.0338613
0.77 0.0338674
0.775 0.0338736
0.78 0.0338799
0.785 0.0338863
0.79 0.0338928
0.795 0.0338995
0.8 0.0339063
0.805 0.0339132
0.81 0.0339202
0.815 0.0339274
0.82 0.0339346
0.825 0.033942
0.83 0.0339495
0.835 0.0339572
0.84 0.0339649
0.845 0.0339728
0.85 0.0339808
0.855 0.0339889
0.86 0.0339971
0.865 0.0340055
0.87 0.034014
0.875 0.0340226
0.88 0.0340313
0.885 0.0340402
0.89 0.0340492
0.895 0.0340583
0.9 0.0340675
0.905 0.0340769
0.91 0.0340863
0.915 0.0340959
0.92 0.0341057
0.925 0.0341155
0.93 0.0341255
0.935 0.0341356
0.94 0.0341458
0.945 0.0341562
0.95 0.0341667
0.955 0.0341773
0.96 0.034188
0.965 0.0341989
0.97 0.0342099
0.975 0.034221
0.98 0.0342323
0.985 0.0342436
0.99 0.0342552
0.995 0.0342668
1 0.0342786
1.005 0.0342905
