0 0.000342903
0.005 0.000342787
0.01 0.000342674
0.015 0.000342561
0.02 0.000342449
0.025 0.000342339
0.03 0.00034223
0.035 0.000342122
0.04 0.000342015
0.045 0.000341909
0.05 0.000341804
0.055 0.000341701
0.06 0.000341599
0.065 0.000341498
0.07 0.000341398
0.075 0.000341299
0.08 0.000341201
0.085 0.000341105
0.09 0.00034101
0.095 0.000340916
0.1 0.000340823
0.105 0.000340731
0.11 0.00034064
0.115 0.000340551
0.12 0.000340462
0.125 0.000340375
0.13 0.000340289
0.135 0.000340204
0.14 0.00034012
0.145 0.000340038
0.15 0.000339956
0.155 0.000339876
0.16 0.000339797
0.165 0.000339719
0.17 0.000339642
0.175 0.000339566
0.18 0.000339491
0.185 0.000339418
0.19 0.000339345
0.195 0.000339274
0.2 0.000339204
0.205 0.000339135
0.21 0.000339067
0.215 0.000339001
0.22 0.000338935
0.225 0.000338871
0.23 0.000338808
0.235 0.000338745
0.24 0.000338685
0.245 0.000338625
0.25 0.000338566
0.255 0.000338508
0.26 0.000338452
0.265 0.000338397
0.27 0.000338343
0.275 0.00033829
0.28 0.000338238
0.285 0.000338187
0.29 0.000338137
0.295 0.000338089
0.3 0.000338041
0.305 0.000337995
0.31 0.00033795
0.315 0.000337906
0.32 0.000337863
0.325 0.000337821
0.33 0.000337781
0.335 0.000337741
0.34 0.000337703
0.345 0.000337666
0.35 0.00033763
0.355 0.000337595
0.36 0.000337561
0.365 0.000337529
0.37 0.000337497
0.375 0.000337467
0.38 0.000337437
0.385 0.000337409
0.39 0.000337382
0.395 0.000337356
0.4 0.000337332
0.405 0.000337308
0.41 0.000337285
0.415 0.000337264
0.42 0.000337244
0.425 0.000337225
0.43 0.000337207
0.435 0.00033719
0.44 0.000337174
0.445 0.00033716
0.45 0.000337146
0.455 0.000337134
0.46 0.000337123
0.465 0.000337113
0.47 0.000337104
0.475 0.000337096
0.48 0.00033709
0.485 0.000337084
0.49 0.00033708
0.495 0.000337077
0.5 0.000337075
0.505 0.000337074
0.51 0.000337074
0.515 0.000337075
0.52 0.000337078
0.525 0.000337081
0.53 0.000337086
0.535 0.000337092
0.54 0.000337099
0.545 0.000337107
0.55 0.000337117
0.555 0.000337127
0.56 0.000337139
0.565 0.000337152
0.57 0.000337166
0.575 0.000337181
0.58 0.000337197
0.585 0.000337214
0.59 0.000337233
0.595 0.000337252
0.6 0.000337273
0.605 0.000337295
0.61 0.000337318
0.615 0.000337343
0.62 0.000337368
0.625 0.000337395
0.63 0.000337422
0.635 0.000337451
0.64 0.000337481
0.645 0.000337513
0.65 0.000337545
0.655 0.000337579
0.66 0.000337613
0.665 0.000337649
0.67 0.000337686
0.675 0.000337724
0.68 0.000337764
0.685 0.000337804
0.69 0.000337846
0.695 0.000337889
0.7 0.000337933
0.705 0.000337978
0.71 0.000338025
0.715 0.000338072
0.72 0.000338121
0.725 0.000338171
0.73 0.000338222
0.735 0.000338275
0.74 0.000338328
0.745 0.000338383
0.75 0.000338439
0.755 0.000338496
0.76 0.000338554
0.765 0.000338613
0.77 0.000338674
0.775 0.000338736
0.78 0.000338799
0.785 0.000338863
0.79 0.000338928
0.795 0.000338995
0.8 0.000339063
0.805 0.000339132
0.81 0.000339202
0.815 0.000339274
0.82 0.000339346
0.825 0.00033942
0.83 0.000339495
0.835 0.000339572
0.84 0.000339649
0.845 0.000339728
0.85 0.000339808
0.855 0.000339889
0.86 0.000339971
0.865 0.000340055
0.87 0.00034014
0.875 0.000340226
0.88 0.000340313
0.885 0.000340402
0.89 0.000340492
0.895 0.000340583
0.9 0.000340675
0.905 0.000340769
0.91 0.000340863
0.915 0.000340959
0.92 0.000341057
0.925 0.000341155
0.93 0.000341255
0.935 0.000341356
0.94 0.000341458
0.945 0.000341562
0.95 0.000341667
0.955 0.000341773
0.96 0.00034188
0.965 0.000341989
0.97 0.000342099
0.975 0.00034221
0.98 0.000342323
0.985 0.000342436
0.99 0.000342552
0.995 0.000342668
1 0.000342786
1.005 0.000342905
