0 0.0339474
0.005 0.033936
0.01 0.0339247
0.015 0.0339135
0.02 0.0339025
0.025 0.0338916
0.03 0.0338807
0.035 0.03387
0.04 0.0338595
0.045 0.033849
0.05 0.0338386
0.055 0.0338284
0.06 0.0338183
0.065 0.0338083
0.07 0.0337984
0.075 0.0337886
0.08 0.0337789
0.085 0.0337694
0.09 0.03376
0.095 0.0337506
0.1 0.0337414
0.105 0.0337324
0.11 0.0337234
0.115 0.0337145
0.12 0.0337058
0.125 0.0336971
0.13 0.0336886
0.135 0.0336802
0.14 0.0336719
0.145 0.0336637
0.15 0.0336557
0.155 0.0336477
0.16 0.0336399
0.165 0.0336321
0.17 0.0336245
0.175 0.033617
0.18 0.0336096
0.185 0.0336024
0.19 0.0335952
0.195 0.0335881
0.2 0.0335812
0.205 0.0335744
0.21 0.0335677
0.215 0.0335611
0.22 0.0335546
0.225 0.0335482
0.23 0.033542
0.235 0.0335358
0.24 0.0335298
0.245 0.0335238
0.25 0.033518
0.255 0.0335123
0.26 0.0335067
0.265 0.0335013
0.27 0.0334959
0.275 0.0334907
0.28 0.0334855
0.285 0.0334805
0.29 0.0334756
0.295 0.0334708
0.3 0.0334661
0.305 0.0334615
0.31 0.0334571
0.315 0.0334527
0.32 0.0334485
0.325 0.0334443
0.33 0.0334403
0.335 0.0334364
0.34 0.0334326
0.345 0.0334289
0.35 0.0334254
0.355 0.0334219
0.36 0.0334186
0.365 0.0334153
0.37 0.0334122
0.375 0.0334092
0.38 0.0334063
0.385 0.0334035
0.39 0.0334008
0.395 0.0333983
0.4 0.0333958
0.405 0.0333935
0.41 0.0333913
0.415 0.0333891
0.42 0.0333871
0.425 0.0333853
0.43 0.0333835
0.435 0.0333818
0.44 0.0333803
0.445 0.0333788
0.45 0.0333775
0.455 0.0333763
0.46 0.0333752
0.465 0.0333742
0.47 0.0333733
0.475 0.0333725
0.48 0.0333719
0.485 0.0333713
0.49 0.0333709
0.495 0.0333706
0.5 0.0333704
0.505 0.0333703
0.51 0.0333703
0.515 0.0333705
0.52 0.0333707
0.525 0.0333711
0.53 0.0333715
0.535 0.0333721
0.54 0.0333728
0.545 0.0333736
0.55 0.0333746
0.555 0.0333756
0.56 0.0333767
0.565 0.033378
0.57 0.0333794
0.575 0.0333809
0.58 0.0333825
0.585 0.0333842
0.59 0.033386
0.595 0.033388
0.6 0.0333901
0.605 0.0333922
0.61 0.0333945
0.615 0.0333969
0.62 0.0333994
0.625 0.0334021
0.63 0.0334048
0.635 0.0334077
0.64 0.0334107
0.645 0.0334138
0.65 0.033417
0.655 0.0334203
0.66 0.0334237
0.665 0.0334273
0.67 0.0334309
0.675 0.0334347
0.68 0.0334386
0.685 0.0334426
0.69 0.0334468
0.695 0.033451
0.7 0.0334554
0.705 0.0334599
0.71 0.0334644
0.715 0.0334692
0.72 0.033474
0.725 0.0334789
0.73 0.033484
0.735 0.0334892
0.74 0.0334945
0.745 0.0334999
0.75 0.0335054
0.755 0.0335111
0.76 0.0335168
0.765 0.0335227
0.77 0.0335287
0.775 0.0335348
0.78 0.0335411
0.785 0.0335474
0.79 0.0335539
0.795 0.0335605
0.8 0.0335672
0.805 0.0335741
0.81 0.033581
0.815 0.0335881
0.82 0.0335953
0.825 0.0336026
0.83 0.03361
0.835 0.0336176
0.84 0.0336253
0.845 0.0336331
0.85 0.033641
0.855 0.033649
0.86 0.0336572
0.865 0.0336654
0.87 0.0336738
0.875 0.0336824
0.88 0.033691
0.885 0.0336998
0.89 0.0337087
0.895 0.0337177
0.9 0.0337268
0.905 0.0337361
0.91 0.0337455
0.915 0.033755
0.92 0.0337646
0.925 0.0337744
0.93 0.0337842
0.935 0.0337943
0.94 0.0338044
0.945 0.0338146
0.95 0.033825
0.955 0.0338355
0.96 0.0338462
0.965 0.0338569
0.97 0.0338678
0.975 0.0338788
0.98 0.0338899
0.985 0.0339012
0.99 0.0339126
0.995 0.0339241
1 0.0339358
1.005 0.0339476
