0 8997.46
0.005 8997.46
0.01 8997.46
0.015 8997.46
0.02 8997.46
0.025 8997.46
0.03 8997.46
0.035 8997.46
0.04 8997.46
0.045 8997.46
0.05 8997.46
0.055 8997.46
0.06 8997.46
0.065 8997.46
0.07 8997.46
0.075 8997.46
0.08 8997.46
0.085 8997.46
0.09 8997.46
0.095 8997.46
0.1 8997.46
0.105 8997.46
0.11 8997.46
0.115 8997.46
0.12 8997.46
0.125 8997.46
0.13 8997.46
0.135 8997.46
0.14 8997.46
0.145 8997.46
0.15 8997.46
0.155 8997.46
0.16 8997.46
0.165 8997.46
0.17 8997.46
0.175 8997.46
0.18 8997.46
0.185 8997.46
0.19 8997.46
0.195 8997.46
0.2 8997.46
0.205 8997.46
0.21 8997.46
0.215 8997.46
0.22 8997.46
0.225 8997.46
0.23 8997.46
0.235 8997.46
0.24 8997.46
0.245 8997.46
0.25 8997.46
0.255 8997.46
0.26 8997.46
0.265 8997.46
0.27 8997.46
0.275 8997.46
0.28 8997.46
0.285 8997.46
0.29 8997.46
0.295 8997.46
0.3 8997.46
0.305 8997.46
0.31 8997.46
0.315 8997.46
0.32 8997.46
0.325 8997.46
0.33 8997.46
0.335 8997.46
0.34 8997.46
0.345 8997.46
0.35 8997.46
0.355 8997.46
0.36 8997.46
0.365 8997.46
0.37 8997.46
0.375 8997.46
0.38 8997.46
0.385 8997.46
0.39 8997.46
0.395 8997.46
0.4 8997.46
0.405 8997.46
0.41 8997.46
0.415 8997.46
0.42 8997.46
0.425 8997.46
0.43 8997.46
0.435 8997.46
0.44 8997.46
0.445 8997.46
0.45 8997.46
0.455 8997.46
0.46 8997.46
0.465 8997.46
0.47 8997.46
0.475 8997.46
0.48 8997.46
0.485 8997.46
0.49 8997.46
0.495 8997.46
0.5 8997.46
0.505 8997.46
0.51 8997.46
0.515 8997.46
0.52 8997.46
0.525 8997.46
0.53 8997.46
0.535 8997.46
0.54 8997.46
0.545 8997.46
0.55 8997.46
0.555 8997.46
0.56 8997.46
0.565 8997.46
0.57 8997.46
0.575 8997.46
0.58 8997.46
0.585 8997.46
0.59 8997.46
0.595 8997.46
0.6 8997.46
0.605 8997.46
0.61 8997.46
0.615 8997.46
0.62 8997.46
0.625 8997.46
0.63 8997.46
0.635 8997.46
0.64 8997.46
0.645 8997.46
0.65 8997.46
0.655 8997.46
0.66 8997.46
0.665 8997.46
0.67 8997.46
0.675 8997.46
0.68 8997.46
0.685 8997.46
0.69 8997.46
0.695 8997.46
0.7 8997.46
0.705 8997.46
0.71 8997.46
0.715 8997.46
0.72 8997.46
0.725 8997.46
0.73 8997.46
0.735 8997.46
0.74 8997.46
0.745 8997.46
0.75 8997.46
0.755 8997.46
0.76 8997.46
0.765 8997.46
0.77 8997.46
0.775 8997.46
0.78 8997.46
0.785 8997.46
0.79 8997.46
0.795 8997.46
0.8 8997.46
0.805 8997.46
0.81 8997.46
0.815 8997.46
0.82 8997.46
0.825 8997.46
0.83 8997.46
0.835 8997.46
0.84 8997.46
0.845 8997.46
0.85 8997.46
0.855 8997.46
0.86 8997.46
0.865 8997.46
0.87 8997.46
0.875 8997.46
0.88 8997.46
0.885 8997.46
0.89 8997.46
0.895 8997.46
0.9 8997.46
0.905 8997.46
0.91 8997.46
0.915 8997.46
0.92 8997.46
0.925 8997.46
0.93 8997.46
0.935 8997.46
0.94 8997.46
0.945 8997.46
0.95 8997.46
0.955 8997.46
0.96 8997.46
0.965 8997.46
0.97 8997.46
0.975 8997.46
0.98 8997.46
0.985 8997.46
0.99 8997.46
0.995 8997.46
1 8997.46
1.005 8997.46
