0 3.08047e-05
0.005 -3.08047e-05
0.01 -9.22347e-05
0.015 -0.00015302
0.02 -0.000212821
0.025 -0.000271529
0.03 -0.00032911
0.035 -0.000385558
0.04 -0.000440878
0.045 -0.000495076
0.05 -0.000548159
0.055 -0.000600136
0.06 -0.000651015
0.065 -0.000700804
0.07 -0.000749511
0.075 -0.000797144
0.08 -0.000843713
0.085 -0.000889224
0.09 -0.000933686
0.095 -0.000977108
0.1 -0.0010195
0.105 -0.00106086
0.11 -0.00110121
0.115 -0.00114056
0.12 -0.0011789
0.125 -0.00121625
0.13 -0.00125262
0.135 -0.00128801
0.14 -0.00132244
0.145 -0.00135591
0.15 -0.00138843
0.155 -0.00142
0.16 -0.00145065
0.165 -0.00148037
0.17 -0.00150917
0.175 -0.00153706
0.18 -0.00156405
0.185 -0.00159015
0.19 -0.00161536
0.195 -0.0016397
0.2 -0.00166317
0.205 -0.00168578
0.21 -0.00170754
0.215 -0.00172846
0.22 -0.00174854
0.225 -0.0017678
0.23 -0.00178623
0.235 -0.00180386
0.24 -0.00182068
0.245 -0.00183671
0.25 -0.00185195
0.255 -0.00186642
0.26 -0.00188011
0.265 -0.00189305
0.27 -0.00190523
0.275 -0.00191667
0.28 -0.00192737
0.285 -0.00193735
0.29 -0.0019466
0.295 -0.00195514
0.3 -0.00196298
0.305 -0.00197012
0.31 -0.00197658
0.315 -0.00198235
0.32 -0.00198746
0.325 -0.0019919
0.33 -0.00199569
0.335 -0.00199883
0.34 -0.00200134
0.345 -0.00200322
0.35 -0.00200447
0.355 -0.00200511
0.36 -0.00200515
0.365 -0.00200459
0.37 -0.00200344
0.375 -0.00200171
0.38 -0.00199941
0.385 -0.00199655
0.39 -0.00199313
0.395 -0.00198916
0.4 -0.00198466
0.405 -0.00197962
0.41 -0.00197406
0.415 -0.00196799
0.42 -0.00196141
0.425 -0.00195434
0.43 -0.00194677
0.435 -0.00193873
0.44 -0.00193021
0.445 -0.00192122
0.45 -0.00191178
0.455 -0.0019019
0.46 -0.00189157
0.465 -0.00188081
0.47 -0.00186963
0.475 -0.00185803
0.48 -0.00184603
0.485 -0.00183363
0.49 -0.00182084
0.495 -0.00180766
0.5 -0.00179412
0.505 -0.00178021
0.51 -0.00176594
0.515 -0.00175132
0.52 -0.00173637
0.525 -0.00172108
0.53 -0.00170547
0.535 -0.00168954
0.54 -0.00167331
0.545 -0.00165678
0.55 -0.00163996
0.555 -0.00162286
0.56 -0.00160548
0.565 -0.00158784
0.57 -0.00156994
0.575 -0.0015518
0.58 -0.00153341
0.585 -0.0015148
0.59 -0.00149596
0.595 -0.0014769
0.6 -0.00145764
0.605 -0.00143818
0.61 -0.00141853
0.615 -0.00139871
0.62 -0.0013787
0.625 -0.00135854
0.63 -0.00133822
0.635 -0.00131775
0.64 -0.00129714
0.645 -0.0012764
0.65 -0.00125554
0.655 -0.00123457
0.66 -0.00121349
0.665 -0.00119232
0.67 -0.00117105
0.675 -0.00114971
0.68 -0.0011283
0.685 -0.00110682
0.69 -0.00108529
0.695 -0.00106371
0.7 -0.0010421
0.705 -0.00102046
0.71 -0.000998797
0.715 -0.000977123
0.72 -0.000955446
0.725 -0.000933775
0.73 -0.000912118
0.735 -0.000890483
0.74 -0.00086888
0.745 -0.000847317
0.75 -0.000825802
0.755 -0.000804344
0.76 -0.000782952
0.765 -0.000761633
0.77 -0.000740398
0.775 -0.000719254
0.78 -0.000698211
0.785 -0.000677276
0.79 -0.000656458
0.795 -0.000635767
0.8 -0.00061521
0.805 -0.000594796
0.81 -0.000574535
0.815 -0.000554435
0.82 -0.000534504
0.825 -0.000514751
0.83 -0.000495185
0.835 -0.000475815
0.84 -0.00045665
0.845 -0.000437697
0.85 -0.000418967
0.855 -0.000400467
0.86 -0.000382207
0.865 -0.000364196
0.87 -0.000346441
0.875 -0.000328952
0.88 -0.000311739
0.885 -0.000294808
0.89 -0.000278171
0.895 -0.000261834
0.9 -0.000245808
0.905 -0.000230101
0.91 -0.000214723
0.915 -0.000199681
0.92 -0.000184984
0.925 -0.000170643
0.93 -0.000156666
0.935 -0.000143061
0.94 -0.000129838
0.945 -0.000117005
0.95 -0.000104573
0.955 -9.25486e-05
0.96 -8.09423e-05
0.965 -6.97627e-05
0.97 -5.90188e-05
0.975 -4.87193e-05
0.98 -3.88725e-05
0.985 -2.94847e-05
0.99 -2.0557e-05
0.995 -1.20738e-05
1 -3.96993e-06
1.005 3.96993e-06
