0 0.0375424
0.005 0.0375298
0.01 0.0375173
0.015 0.037505
0.02 0.0374928
0.025 0.0374807
0.03 0.0374687
0.035 0.0374569
0.04 0.0374452
0.045 0.0374336
0.05 0.0374221
0.055 0.0374108
0.06 0.0373996
0.065 0.0373886
0.07 0.0373776
0.075 0.0373668
0.08 0.0373561
0.085 0.0373456
0.09 0.0373351
0.095 0.0373248
0.1 0.0373146
0.105 0.0373046
0.11 0.0372947
0.115 0.0372849
0.12 0.0372752
0.125 0.0372656
0.13 0.0372562
0.135 0.0372469
0.14 0.0372377
0.145 0.0372287
0.15 0.0372198
0.155 0.037211
0.16 0.0372023
0.165 0.0371938
0.17 0.0371853
0.175 0.037177
0.18 0.0371689
0.185 0.0371608
0.19 0.0371529
0.195 0.0371451
0.2 0.0371374
0.205 0.0371299
0.21 0.0371225
0.215 0.0371152
0.22 0.037108
0.225 0.0371009
0.23 0.037094
0.235 0.0370872
0.24 0.0370805
0.245 0.037074
0.25 0.0370676
0.255 0.0370613
0.26 0.0370551
0.265 0.037049
0.27 0.0370431
0.275 0.0370373
0.28 0.0370316
0.285 0.037026
0.29 0.0370206
0.295 0.0370153
0.3 0.0370101
0.305 0.0370051
0.31 0.0370001
0.315 0.0369953
0.32 0.0369906
0.325 0.036986
0.33 0.0369816
0.335 0.0369773
0.34 0.0369731
0.345 0.036969
0.35 0.0369651
0.355 0.0369612
0.36 0.0369575
0.365 0.036954
0.37 0.0369505
0.375 0.0369472
0.38 0.036944
0.385 0.0369409
0.39 0.0369379
0.395 0.0369351
0.4 0.0369324
0.405 0.0369298
0.41 0.0369274
0.415 0.036925
0.42 0.0369228
0.425 0.0369207
0.43 0.0369187
0.435 0.0369169
0.44 0.0369152
0.445 0.0369136
0.45 0.0369121
0.455 0.0369108
0.46 0.0369096
0.465 0.0369085
0.47 0.0369075
0.475 0.0369066
0.48 0.0369059
0.485 0.0369053
0.49 0.0369048
0.495 0.0369045
0.5 0.0369043
0.505 0.0369042
0.51 0.0369042
0.515 0.0369043
0.52 0.0369046
0.525 0.036905
0.53 0.0369055
0.535 0.0369062
0.54 0.036907
0.545 0.0369079
0.55 0.0369089
0.555 0.03691
0.56 0.0369113
0.565 0.0369127
0.57 0.0369142
0.575 0.0369159
0.58 0.0369177
0.585 0.0369196
0.59 0.0369216
0.595 0.0369237
0.6 0.036926
0.605 0.0369284
0.61 0.036931
0.615 0.0369336
0.62 0.0369364
0.625 0.0369393
0.63 0.0369423
0.635 0.0369455
0.64 0.0369488
0.645 0.0369522
0.65 0.0369558
0.655 0.0369594
0.66 0.0369632
0.665 0.0369672
0.67 0.0369712
0.675 0.0369754
0.68 0.0369797
0.685 0.0369842
0.69 0.0369887
0.695 0.0369934
0.7 0.0369983
0.705 0.0370032
0.71 0.0370083
0.715 0.0370135
0.72 0.0370188
0.725 0.0370243
0.73 0.0370299
0.735 0.0370356
0.74 0.0370415
0.745 0.0370475
0.75 0.0370536
0.755 0.0370599
0.76 0.0370662
0.765 0.0370727
0.77 0.0370794
0.775 0.0370861
0.78 0.0370931
0.785 0.0371001
0.79 0.0371072
0.795 0.0371145
0.8 0.037122
0.805 0.0371295
0.81 0.0371372
0.815 0.037145
0.82 0.037153
0.825 0.0371611
0.83 0.0371693
0.835 0.0371777
0.84 0.0371861
0.845 0.0371948
0.85 0.0372035
0.855 0.0372124
0.86 0.0372214
0.865 0.0372306
0.87 0.0372399
0.875 0.0372493
0.88 0.0372589
0.885 0.0372686
0.89 0.0372784
0.895 0.0372884
0.9 0.0372985
0.905 0.0373087
0.91 0.0373191
0.915 0.0373296
0.92 0.0373403
0.925 0.0373511
0.93 0.037362
0.935 0.0373731
0.94 0.0373843
0.945 0.0373956
0.95 0.0374071
0.955 0.0374187
0.96 0.0374305
0.965 0.0374424
0.97 0.0374544
0.975 0.0374666
0.98 0.0374789
0.985 0.0374913
0.99 0.0375039
0.995 0.0375167
1 0.0375296
1.005 0.0375426
