0 0.000375424
0.005 0.000375298
0.01 0.000375173
0.015 0.00037505
0.02 0.000374928
0.025 0.000374807
0.03 0.000374687
0.035 0.000374569
0.04 0.000374452
0.045 0.000374336
0.05 0.000374221
0.055 0.000374108
0.06 0.000373996
0.065 0.000373886
0.07 0.000373776
0.075 0.000373668
0.08 0.000373561
0.085 0.000373456
0.09 0.000373351
0.095 0.000373248
0.1 0.000373146
0.105 0.000373046
0.11 0.000372947
0.115 0.000372849
0.12 0.000372752
0.125 0.000372656
0.13 0.000372562
0.135 0.000372469
0.14 0.000372377
0.145 0.000372287
0.15 0.000372198
0.155 0.00037211
0.16 0.000372023
0.165 0.000371938
0.17 0.000371853
0.175 0.00037177
0.18 0.000371689
0.185 0.000371608
0.19 0.000371529
0.195 0.000371451
0.2 0.000371374
0.205 0.000371299
0.21 0.000371225
0.215 0.000371152
0.22 0.00037108
0.225 0.000371009
0.23 0.00037094
0.235 0.000370872
0.24 0.000370805
0.245 0.00037074
0.25 0.000370676
0.255 0.000370613
0.26 0.000370551
0.265 0.00037049
0.27 0.000370431
0.275 0.000370373
0.28 0.000370316
0.285 0.00037026
0.29 0.000370206
0.295 0.000370153
0.3 0.000370101
0.305 0.000370051
0.31 0.000370001
0.315 0.000369953
0.32 0.000369906
0.325 0.00036986
0.33 0.000369816
0.335 0.000369773
0.34 0.000369731
0.345 0.00036969
0.35 0.000369651
0.355 0.000369612
0.36 0.000369575
0.365 0.00036954
0.37 0.000369505
0.375 0.000369472
0.38 0.00036944
0.385 0.000369409
0.39 0.000369379
0.395 0.000369351
0.4 0.000369324
0.405 0.000369298
0.41 0.000369274
0.415 0.00036925
0.42 0.000369228
0.425 0.000369207
0.43 0.000369187
0.435 0.000369169
0.44 0.000369152
0.445 0.000369136
0.45 0.000369121
0.455 0.000369108
0.46 0.000369096
0.465 0.000369085
0.47 0.000369075
0.475 0.000369066
0.48 0.000369059
0.485 0.000369053
0.49 0.000369048
0.495 0.000369045
0.5 0.000369043
0.505 0.000369042
0.51 0.000369042
0.515 0.000369043
0.52 0.000369046
0.525 0.00036905
0.53 0.000369055
0.535 0.000369062
0.54 0.00036907
0.545 0.000369079
0.55 0.000369089
0.555 0.0003691
0.56 0.000369113
0.565 0.000369127
0.57 0.000369142
0.575 0.000369159
0.58 0.000369177
0.585 0.000369196
0.59 0.000369216
0.595 0.000369237
0.6 0.00036926
0.605 0.000369284
0.61 0.00036931
0.615 0.000369336
0.62 0.000369364
0.625 0.000369393
0.63 0.000369423
0.635 0.000369455
0.64 0.000369488
0.645 0.000369522
0.65 0.000369558
0.655 0.000369594
0.66 0.000369632
0.665 0.000369672
0.67 0.000369712
0.675 0.000369754
0.68 0.000369797
0.685 0.000369842
0.69 0.000369887
0.695 0.000369934
0.7 0.000369983
0.705 0.000370032
0.71 0.000370083
0.715 0.000370135
0.72 0.000370188
0.725 0.000370243
0.73 0.000370299
0.735 0.000370356
0.74 0.000370415
0.745 0.000370475
0.75 0.000370536
0.755 0.000370599
0.76 0.000370662
0.765 0.000370727
0.77 0.000370794
0.775 0.000370861
0.78 0.000370931
0.785 0.000371001
0.79 0.000371072
0.795 0.000371145
0.8 0.00037122
0.805 0.000371295
0.81 0.000371372
0.815 0.00037145
0.82 0.00037153
0.825 0.000371611
0.83 0.000371693
0.835 0.000371777
0.84 0.000371861
0.845 0.000371948
0.85 0.000372035
0.855 0.000372124
0.86 0.000372214
0.865 0.000372306
0.87 0.000372399
0.875 0.000372493
0.88 0.000372589
0.885 0.000372686
0.89 0.000372784
0.895 0.000372884
0.9 0.000372985
0.905 0.000373087
0.91 0.000373191
0.915 0.000373296
0.92 0.000373403
0.925 0.000373511
0.93 0.00037362
0.935 0.000373731
0.94 0.000373843
0.945 0.000373956
0.95 0.000374071
0.955 0.000374187
0.96 0.000374305
0.965 0.000374424
0.97 0.000374544
0.975 0.000374666
0.98 0.000374789
0.985 0.000374913
0.99 0.000375039
0.995 0.000375167
1 0.000375296
1.005 0.000375426
