0 0.037167
0.005 0.0371545
0.01 0.0371421
0.015 0.0371299
0.02 0.0371178
0.025 0.0371059
0.03 0.037094
0.035 0.0370823
0.04 0.0370707
0.045 0.0370593
0.05 0.0370479
0.055 0.0370367
0.06 0.0370256
0.065 0.0370147
0.07 0.0370038
0.075 0.0369931
0.08 0.0369826
0.085 0.0369721
0.09 0.0369618
0.095 0.0369516
0.1 0.0369415
0.105 0.0369315
0.11 0.0369217
0.115 0.036912
0.12 0.0369024
0.125 0.036893
0.13 0.0368836
0.135 0.0368744
0.14 0.0368654
0.145 0.0368564
0.15 0.0368476
0.155 0.0368389
0.16 0.0368303
0.165 0.0368218
0.17 0.0368135
0.175 0.0368053
0.18 0.0367972
0.185 0.0367892
0.19 0.0367814
0.195 0.0367736
0.2 0.0367661
0.205 0.0367586
0.21 0.0367512
0.215 0.036744
0.22 0.0367369
0.225 0.0367299
0.23 0.0367231
0.235 0.0367163
0.24 0.0367097
0.245 0.0367032
0.25 0.0366969
0.255 0.0366906
0.26 0.0366845
0.265 0.0366785
0.27 0.0366727
0.275 0.0366669
0.28 0.0366613
0.285 0.0366558
0.29 0.0366504
0.295 0.0366451
0.3 0.03664
0.305 0.036635
0.31 0.0366301
0.315 0.0366253
0.32 0.0366207
0.325 0.0366162
0.33 0.0366118
0.335 0.0366075
0.34 0.0366034
0.345 0.0365993
0.35 0.0365954
0.355 0.0365916
0.36 0.036588
0.365 0.0365844
0.37 0.036581
0.375 0.0365777
0.38 0.0365745
0.385 0.0365715
0.39 0.0365686
0.395 0.0365658
0.4 0.0365631
0.405 0.0365605
0.41 0.0365581
0.415 0.0365558
0.42 0.0365536
0.425 0.0365515
0.43 0.0365496
0.435 0.0365477
0.44 0.036546
0.445 0.0365445
0.45 0.036543
0.455 0.0365417
0.46 0.0365405
0.465 0.0365394
0.47 0.0365384
0.475 0.0365376
0.48 0.0365369
0.485 0.0365363
0.49 0.0365358
0.495 0.0365354
0.5 0.0365352
0.505 0.0365351
0.51 0.0365351
0.515 0.0365353
0.52 0.0365356
0.525 0.036536
0.53 0.0365365
0.535 0.0365371
0.54 0.0365379
0.545 0.0365388
0.55 0.0365398
0.555 0.0365409
0.56 0.0365422
0.565 0.0365436
0.57 0.0365451
0.575 0.0365467
0.58 0.0365485
0.585 0.0365504
0.59 0.0365524
0.595 0.0365545
0.6 0.0365568
0.605 0.0365591
0.61 0.0365616
0.615 0.0365643
0.62 0.036567
0.625 0.0365699
0.63 0.0365729
0.635 0.0365761
0.64 0.0365793
0.645 0.0365827
0.65 0.0365862
0.655 0.0365899
0.66 0.0365936
0.665 0.0365975
0.67 0.0366015
0.675 0.0366057
0.68 0.0366099
0.685 0.0366143
0.69 0.0366189
0.695 0.0366235
0.7 0.0366283
0.705 0.0366332
0.71 0.0366382
0.715 0.0366434
0.72 0.0366487
0.725 0.0366541
0.73 0.0366596
0.735 0.0366653
0.74 0.0366711
0.745 0.036677
0.75 0.0366831
0.755 0.0366893
0.76 0.0366956
0.765 0.036702
0.77 0.0367086
0.775 0.0367153
0.78 0.0367221
0.785 0.0367291
0.79 0.0367362
0.795 0.0367434
0.8 0.0367507
0.805 0.0367582
0.81 0.0367658
0.815 0.0367736
0.82 0.0367815
0.825 0.0367895
0.83 0.0367976
0.835 0.0368059
0.84 0.0368143
0.845 0.0368228
0.85 0.0368315
0.855 0.0368403
0.86 0.0368492
0.865 0.0368583
0.87 0.0368675
0.875 0.0368768
0.88 0.0368863
0.885 0.0368959
0.89 0.0369056
0.895 0.0369155
0.9 0.0369255
0.905 0.0369356
0.91 0.0369459
0.915 0.0369563
0.92 0.0369669
0.925 0.0369775
0.93 0.0369884
0.935 0.0369993
0.94 0.0370104
0.945 0.0370216
0.95 0.037033
0.955 0.0370445
0.96 0.0370562
0.965 0.0370679
0.97 0.0370798
0.975 0.0370919
0.98 0.0371041
0.985 0.0371164
0.99 0.0371289
0.995 0.0371415
1 0.0371543
1.005 0.0371672
