0 9850.79
0.005 9850.79
0.01 9850.79
0.015 9850.79
0.02 9850.79
0.025 9850.79
0.03 9850.79
0.035 9850.79
0.04 9850.79
0.045 9850.79
0.05 9850.79
0.055 9850.79
0.06 9850.79
0.065 9850.79
0.07 9850.79
0.075 9850.79
0.08 9850.79
0.085 9850.79
0.09 9850.79
0.095 9850.79
0.1 9850.79
0.105 9850.79
0.11 9850.79
0.115 9850.79
0.12 9850.79
0.125 9850.79
0.13 9850.79
0.135 9850.79
0.14 9850.79
0.145 9850.79
0.15 9850.79
0.155 9850.79
0.16 9850.79
0.165 9850.79
0.17 9850.79
0.175 9850.79
0.18 9850.79
0.185 9850.79
0.19 9850.79
0.195 9850.79
0.2 9850.79
0.205 9850.79
0.21 9850.79
0.215 9850.79
0.22 9850.79
0.225 9850.79
0.23 9850.79
0.235 9850.79
0.24 9850.79
0.245 9850.79
0.25 9850.79
0.255 9850.79
0.26 9850.79
0.265 9850.79
0.27 9850.79
0.275 9850.79
0.28 9850.79
0.285 9850.79
0.29 9850.79
0.295 9850.79
0.3 9850.79
0.305 9850.79
0.31 9850.79
0.315 9850.79
0.32 9850.79
0.325 9850.79
0.33 9850.79
0.335 9850.79
0.34 9850.79
0.345 9850.79
0.35 9850.79
0.355 9850.79
0.36 9850.79
0.365 9850.79
0.37 9850.79
0.375 9850.79
0.38 9850.79
0.385 9850.79
0.39 9850.79
0.395 9850.79
0.4 9850.79
0.405 9850.79
0.41 9850.79
0.415 9850.79
0.42 9850.79
0.425 9850.79
0.43 9850.79
0.435 9850.79
0.44 9850.79
0.445 9850.79
0.45 9850.79
0.455 9850.79
0.46 9850.79
0.465 9850.79
0.47 9850.79
0.475 9850.79
0.48 9850.79
0.485 9850.79
0.49 9850.79
0.495 9850.79
0.5 9850.79
0.505 9850.79
0.51 9850.79
0.515 9850.79
0.52 9850.79
0.525 9850.79
0.53 9850.79
0.535 9850.79
0.54 9850.79
0.545 9850.79
0.55 9850.79
0.555 9850.79
0.56 9850.79
0.565 9850.79
0.57 9850.79
0.575 9850.79
0.58 9850.79
0.585 9850.79
0.59 9850.79
0.595 9850.79
0.6 9850.79
0.605 9850.79
0.61 9850.79
0.615 9850.79
0.62 9850.79
0.625 9850.79
0.63 9850.79
0.635 9850.79
0.64 9850.79
0.645 9850.79
0.65 9850.79
0.655 9850.79
0.66 9850.79
0.665 9850.79
0.67 9850.79
0.675 9850.79
0.68 9850.79
0.685 9850.79
0.69 9850.79
0.695 9850.79
0.7 9850.79
0.705 9850.79
0.71 9850.79
0.715 9850.79
0.72 9850.79
0.725 9850.79
0.73 9850.79
0.735 9850.79
0.74 9850.79
0.745 9850.79
0.75 9850.79
0.755 9850.79
0.76 9850.79
0.765 9850.79
0.77 9850.79
0.775 9850.79
0.78 9850.79
0.785 9850.79
0.79 9850.79
0.795 9850.79
0.8 9850.79
0.805 9850.79
0.81 9850.79
0.815 9850.79
0.82 9850.79
0.825 9850.79
0.83 9850.79
0.835 9850.79
0.84 9850.79
0.845 9850.79
0.85 9850.79
0.855 9850.79
0.86 9850.79
0.865 9850.79
0.87 9850.79
0.875 9850.79
0.88 9850.79
0.885 9850.79
0.89 9850.79
0.895 9850.79
0.9 9850.79
0.905 9850.79
0.91 9850.79
0.915 9850.79
0.92 9850.79
0.925 9850.79
0.93 9850.79
0.935 9850.79
0.94 9850.79
0.945 9850.79
0.95 9850.79
0.955 9850.79
0.96 9850.79
0.965 9850.79
0.97 9850.79
0.975 9850.79
0.98 9850.79
0.985 9850.79
0.99 9850.79
0.995 9850.79
1 9850.79
1.005 9850.79
