0 3.08376e-05
0.005 -3.08376e-05
0.01 -9.23173e-05
0.015 -0.00015313
0.02 -0.000212952
0.025 -0.000271677
0.03 -0.000329274
0.035 -0.000385739
0.04 -0.000441074
0.045 -0.000495287
0.05 -0.000548385
0.055 -0.000600376
0.06 -0.000651269
0.065 -0.000701071
0.07 -0.000749792
0.075 -0.000797439
0.08 -0.00084402
0.085 -0.000889544
0.09 -0.000934018
0.095 -0.000977452
0.1 -0.00101985
0.105 -0.00106123
0.11 -0.00110159
0.115 -0.00114094
0.12 -0.0011793
0.125 -0.00121666
0.13 -0.00125304
0.135 -0.00128844
0.14 -0.00132288
0.145 -0.00135636
0.15 -0.00138889
0.155 -0.00142047
0.16 -0.00145112
0.165 -0.00148085
0.17 -0.00150966
0.175 -0.00153756
0.18 -0.00156456
0.185 -0.00159066
0.19 -0.00161589
0.195 -0.00164023
0.2 -0.00166371
0.205 -0.00168633
0.21 -0.00170809
0.215 -0.00172901
0.22 -0.0017491
0.225 -0.00176836
0.23 -0.0017868
0.235 -0.00180443
0.24 -0.00182126
0.245 -0.00183729
0.25 -0.00185254
0.255 -0.00186701
0.26 -0.00188071
0.265 -0.00189365
0.27 -0.00190584
0.275 -0.00191728
0.28 -0.00192798
0.285 -0.00193796
0.29 -0.00194721
0.295 -0.00195576
0.3 -0.0019636
0.305 -0.00197074
0.31 -0.0019772
0.315 -0.00198298
0.32 -0.00198808
0.325 -0.00199253
0.33 -0.00199632
0.335 -0.00199946
0.34 -0.00200197
0.345 -0.00200384
0.35 -0.0020051
0.355 -0.00200574
0.36 -0.00200578
0.365 -0.00200522
0.37 -0.00200407
0.375 -0.00200234
0.38 -0.00200004
0.385 -0.00199717
0.39 -0.00199375
0.395 -0.00198978
0.4 -0.00198528
0.405 -0.00198024
0.41 -0.00197468
0.415 -0.00196861
0.42 -0.00196203
0.425 -0.00195495
0.43 -0.00194738
0.435 -0.00193933
0.44 -0.00193081
0.445 -0.00192182
0.45 -0.00191238
0.455 -0.00190249
0.46 -0.00189216
0.465 -0.0018814
0.47 -0.00187021
0.475 -0.00185861
0.48 -0.0018466
0.485 -0.0018342
0.49 -0.0018214
0.495 -0.00180823
0.5 -0.00179468
0.505 -0.00178076
0.51 -0.00176649
0.515 -0.00175187
0.52 -0.00173691
0.525 -0.00172162
0.53 -0.001706
0.535 -0.00169007
0.54 -0.00167383
0.545 -0.0016573
0.55 -0.00164047
0.555 -0.00162336
0.56 -0.00160598
0.565 -0.00158833
0.57 -0.00157043
0.575 -0.00155228
0.58 -0.00153389
0.585 -0.00151527
0.59 -0.00149642
0.595 -0.00147736
0.6 -0.0014581
0.605 -0.00143863
0.61 -0.00141898
0.615 -0.00139914
0.62 -0.00137913
0.625 -0.00135896
0.63 -0.00133864
0.635 -0.00131816
0.64 -0.00129755
0.645 -0.0012768
0.65 -0.00125594
0.655 -0.00123496
0.66 -0.00121387
0.665 -0.00119269
0.67 -0.00117142
0.675 -0.00115007
0.68 -0.00112865
0.685 -0.00110717
0.69 -0.00108563
0.695 -0.00106405
0.7 -0.00104243
0.705 -0.00102078
0.71 -0.000999108
0.715 -0.000977427
0.72 -0.000955744
0.725 -0.000934066
0.73 -0.000912402
0.735 -0.00089076
0.74 -0.00086915
0.745 -0.00084758
0.75 -0.000826059
0.755 -0.000804594
0.76 -0.000783195
0.765 -0.00076187
0.77 -0.000740628
0.775 -0.000719478
0.78 -0.000698427
0.785 -0.000677486
0.79 -0.000656662
0.795 -0.000635964
0.8 -0.0006154
0.805 -0.000594981
0.81 -0.000574713
0.815 -0.000554606
0.82 -0.000534669
0.825 -0.00051491
0.83 -0.000495338
0.835 -0.000475962
0.84 -0.000456791
0.845 -0.000437832
0.85 -0.000419096
0.855 -0.000400591
0.86 -0.000382325
0.865 -0.000364308
0.87 -0.000346547
0.875 -0.000329053
0.88 -0.000311834
0.885 -0.000294899
0.89 -0.000278256
0.895 -0.000261914
0.9 -0.000245883
0.905 -0.000230172
0.91 -0.000214788
0.915 -0.000199741
0.92 -0.000185041
0.925 -0.000170695
0.93 -0.000156713
0.935 -0.000143104
0.94 -0.000129877
0.945 -0.000117041
0.95 -0.000104604
0.955 -9.25764e-05
0.96 -8.09665e-05
0.965 -6.97836e-05
0.97 -5.90364e-05
0.975 -4.87338e-05
0.98 -3.8884e-05
0.985 -2.94934e-05
0.99 -2.0563e-05
0.995 -1.20773e-05
1 -3.97109e-06
1.005 3.97109e-06
