0 0.0430084
0.005 0.042994
0.01 0.0429797
0.015 0.0429656
0.02 0.0429516
0.025 0.0429377
0.03 0.042924
0.035 0.0429105
0.04 0.0428971
0.045 0.0428838
0.05 0.0428707
0.055 0.0428577
0.06 0.0428449
0.065 0.0428322
0.07 0.0428197
0.075 0.0428073
0.08 0.042795
0.085 0.0427829
0.09 0.042771
0.095 0.0427592
0.1 0.0427475
0.105 0.042736
0.11 0.0427246
0.115 0.0427134
0.12 0.0427023
0.125 0.0426914
0.13 0.0426806
0.135 0.0426699
0.14 0.0426594
0.145 0.042649
0.15 0.0426388
0.155 0.0426287
0.16 0.0426188
0.165 0.042609
0.17 0.0425994
0.175 0.0425899
0.18 0.0425805
0.185 0.0425713
0.19 0.0425622
0.195 0.0425533
0.2 0.0425445
0.205 0.0425358
0.21 0.0425273
0.215 0.042519
0.22 0.0425107
0.225 0.0425027
0.23 0.0424947
0.235 0.0424869
0.24 0.0424793
0.245 0.0424718
0.25 0.0424644
0.255 0.0424572
0.26 0.0424501
0.265 0.0424432
0.27 0.0424364
0.275 0.0424297
0.28 0.0424232
0.285 0.0424169
0.29 0.0424106
0.295 0.0424046
0.3 0.0423986
0.305 0.0423928
0.31 0.0423872
0.315 0.0423816
0.32 0.0423763
0.325 0.042371
0.33 0.0423659
0.335 0.042361
0.34 0.0423562
0.345 0.0423515
0.35 0.042347
0.355 0.0423426
0.36 0.0423384
0.365 0.0423343
0.37 0.0423303
0.375 0.0423265
0.38 0.0423228
0.385 0.0423193
0.39 0.0423159
0.395 0.0423127
0.4 0.0423096
0.405 0.0423066
0.41 0.0423038
0.415 0.0423011
0.42 0.0422986
0.425 0.0422962
0.43 0.0422939
0.435 0.0422918
0.44 0.0422899
0.445 0.042288
0.45 0.0422863
0.455 0.0422848
0.46 0.0422834
0.465 0.0422821
0.47 0.042281
0.475 0.0422801
0.48 0.0422792
0.485 0.0422785
0.49 0.042278
0.495 0.0422776
0.5 0.0422773
0.505 0.0422772
0.51 0.0422773
0.515 0.0422774
0.52 0.0422777
0.525 0.0422782
0.53 0.0422788
0.535 0.0422795
0.54 0.0422804
0.545 0.0422814
0.55 0.0422826
0.555 0.0422839
0.56 0.0422854
0.565 0.042287
0.57 0.0422887
0.575 0.0422906
0.58 0.0422927
0.585 0.0422949
0.59 0.0422972
0.595 0.0422996
0.6 0.0423023
0.605 0.042305
0.61 0.0423079
0.615 0.042311
0.62 0.0423142
0.625 0.0423175
0.63 0.042321
0.635 0.0423246
0.64 0.0423284
0.645 0.0423323
0.65 0.0423364
0.655 0.0423406
0.66 0.0423449
0.665 0.0423494
0.67 0.0423541
0.675 0.0423589
0.68 0.0423638
0.685 0.0423689
0.69 0.0423741
0.695 0.0423795
0.7 0.042385
0.705 0.0423907
0.71 0.0423965
0.715 0.0424025
0.72 0.0424086
0.725 0.0424149
0.73 0.0424213
0.735 0.0424279
0.74 0.0424346
0.745 0.0424414
0.75 0.0424484
0.755 0.0424556
0.76 0.0424629
0.765 0.0424704
0.77 0.042478
0.775 0.0424857
0.78 0.0424936
0.785 0.0425017
0.79 0.0425099
0.795 0.0425183
0.8 0.0425268
0.805 0.0425354
0.81 0.0425442
0.815 0.0425532
0.82 0.0425623
0.825 0.0425716
0.83 0.042581
0.835 0.0425906
0.84 0.0426003
0.845 0.0426102
0.85 0.0426202
0.855 0.0426304
0.86 0.0426407
0.865 0.0426512
0.87 0.0426619
0.875 0.0426727
0.88 0.0426836
0.885 0.0426947
0.89 0.042706
0.895 0.0427174
0.9 0.042729
0.905 0.0427407
0.91 0.0427526
0.915 0.0427647
0.92 0.0427769
0.925 0.0427892
0.93 0.0428018
0.935 0.0428144
0.94 0.0428273
0.945 0.0428403
0.95 0.0428534
0.955 0.0428667
0.96 0.0428802
0.965 0.0428938
0.97 0.0429076
0.975 0.0429216
0.98 0.0429357
0.985 0.04295
0.99 0.0429644
0.995 0.042979
1 0.0429938
1.005 0.0430087
