0 0.000430084
0.005 0.00042994
0.01 0.000429797
0.015 0.000429656
0.02 0.000429516
0.025 0.000429377
0.03 0.00042924
0.035 0.000429105
0.04 0.000428971
0.045 0.000428838
0.05 0.000428707
0.055 0.000428577
0.06 0.000428449
0.065 0.000428322
0.07 0.000428197
0.075 0.000428073
0.08 0.00042795
0.085 0.000427829
0.09 0.00042771
0.095 0.000427592
0.1 0.000427475
0.105 0.00042736
0.11 0.000427246
0.115 0.000427134
0.12 0.000427023
0.125 0.000426914
0.13 0.000426806
0.135 0.000426699
0.14 0.000426594
0.145 0.00042649
0.15 0.000426388
0.155 0.000426287
0.16 0.000426188
0.165 0.00042609
0.17 0.000425994
0.175 0.000425899
0.18 0.000425805
0.185 0.000425713
0.19 0.000425622
0.195 0.000425533
0.2 0.000425445
0.205 0.000425358
0.21 0.000425273
0.215 0.00042519
0.22 0.000425107
0.225 0.000425027
0.23 0.000424947
0.235 0.000424869
0.24 0.000424793
0.245 0.000424718
0.25 0.000424644
0.255 0.000424572
0.26 0.000424501
0.265 0.000424432
0.27 0.000424364
0.275 0.000424297
0.28 0.000424232
0.285 0.000424169
0.29 0.000424106
0.295 0.000424046
0.3 0.000423986
0.305 0.000423928
0.31 0.000423872
0.315 0.000423816
0.32 0.000423763
0.325 0.00042371
0.33 0.000423659
0.335 0.00042361
0.34 0.000423562
0.345 0.000423515
0.35 0.00042347
0.355 0.000423426
0.36 0.000423384
0.365 0.000423343
0.37 0.000423303
0.375 0.000423265
0.38 0.000423228
0.385 0.000423193
0.39 0.000423159
0.395 0.000423127
0.4 0.000423096
0.405 0.000423066
0.41 0.000423038
0.415 0.000423011
0.42 0.000422986
0.425 0.000422962
0.43 0.000422939
0.435 0.000422918
0.44 0.000422899
0.445 0.00042288
0.45 0.000422863
0.455 0.000422848
0.46 0.000422834
0.465 0.000422821
0.47 0.00042281
0.475 0.000422801
0.48 0.000422792
0.485 0.000422785
0.49 0.00042278
0.495 0.000422776
0.5 0.000422773
0.505 0.000422772
0.51 0.000422773
0.515 0.000422774
0.52 0.000422777
0.525 0.000422782
0.53 0.000422788
0.535 0.000422795
0.54 0.000422804
0.545 0.000422814
0.55 0.000422826
0.555 0.000422839
0.56 0.000422854
0.565 0.00042287
0.57 0.000422887
0.575 0.000422906
0.58 0.000422927
0.585 0.000422949
0.59 0.000422972
0.595 0.000422996
0.6 0.000423023
0.605 0.00042305
0.61 0.000423079
0.615 0.00042311
0.62 0.000423142
0.625 0.000423175
0.63 0.00042321
0.635 0.000423246
0.64 0.000423284
0.645 0.000423323
0.65 0.000423364
0.655 0.000423406
0.66 0.000423449
0.665 0.000423494
0.67 0.000423541
0.675 0.000423589
0.68 0.000423638
0.685 0.000423689
0.69 0.000423741
0.695 0.000423795
0.7 0.00042385
0.705 0.000423907
0.71 0.000423965
0.715 0.000424025
0.72 0.000424086
0.725 0.000424149
0.73 0.000424213
0.735 0.000424279
0.74 0.000424346
0.745 0.000424414
0.75 0.000424484
0.755 0.000424556
0.76 0.000424629
0.765 0.000424704
0.77 0.00042478
0.775 0.000424857
0.78 0.000424936
0.785 0.000425017
0.79 0.000425099
0.795 0.000425183
0.8 0.000425268
0.805 0.000425354
0.81 0.000425442
0.815 0.000425532
0.82 0.000425623
0.825 0.000425716
0.83 0.00042581
0.835 0.000425906
0.84 0.000426003
0.845 0.000426102
0.85 0.000426202
0.855 0.000426304
0.86 0.000426407
0.865 0.000426512
0.87 0.000426619
0.875 0.000426727
0.88 0.000426836
0.885 0.000426947
0.89 0.00042706
0.895 0.000427174
0.9 0.00042729
0.905 0.000427407
0.91 0.000427526
0.915 0.000427647
0.92 0.000427769
0.925 0.000427892
0.93 0.000428018
0.935 0.000428144
0.94 0.000428273
0.945 0.000428403
0.95 0.000428534
0.955 0.000428667
0.96 0.000428802
0.965 0.000428938
0.97 0.000429076
0.975 0.000429216
0.98 0.000429357
0.985 0.0004295
0.99 0.000429644
0.995 0.00042979
1 0.000429938
1.005 0.000430087
