0 0.0425783
0.005 0.0425641
0.01 0.0425499
0.015 0.0425359
0.02 0.0425221
0.025 0.0425083
0.03 0.0424948
0.035 0.0424814
0.04 0.0424681
0.045 0.042455
0.05 0.042442
0.055 0.0424291
0.06 0.0424164
0.065 0.0424039
0.07 0.0423915
0.075 0.0423792
0.08 0.0423671
0.085 0.0423551
0.09 0.0423433
0.095 0.0423316
0.1 0.04232
0.105 0.0423086
0.11 0.0422974
0.115 0.0422863
0.12 0.0422753
0.125 0.0422644
0.13 0.0422538
0.135 0.0422432
0.14 0.0422328
0.145 0.0422225
0.15 0.0422124
0.155 0.0422024
0.16 0.0421926
0.165 0.0421829
0.17 0.0421734
0.175 0.042164
0.18 0.0421547
0.185 0.0421456
0.19 0.0421366
0.195 0.0421277
0.2 0.042119
0.205 0.0421105
0.21 0.042102
0.215 0.0420938
0.22 0.0420856
0.225 0.0420776
0.23 0.0420698
0.235 0.0420621
0.24 0.0420545
0.245 0.0420471
0.25 0.0420398
0.255 0.0420326
0.26 0.0420256
0.265 0.0420188
0.27 0.042012
0.275 0.0420054
0.28 0.041999
0.285 0.0419927
0.29 0.0419865
0.295 0.0419805
0.3 0.0419746
0.305 0.0419689
0.31 0.0419633
0.315 0.0419578
0.32 0.0419525
0.325 0.0419473
0.33 0.0419423
0.335 0.0419374
0.34 0.0419326
0.345 0.041928
0.35 0.0419235
0.355 0.0419192
0.36 0.041915
0.365 0.0419109
0.37 0.041907
0.375 0.0419032
0.38 0.0418996
0.385 0.0418961
0.39 0.0418928
0.395 0.0418895
0.4 0.0418865
0.405 0.0418835
0.41 0.0418808
0.415 0.0418781
0.42 0.0418756
0.425 0.0418732
0.43 0.041871
0.435 0.0418689
0.44 0.041867
0.445 0.0418651
0.45 0.0418635
0.455 0.041862
0.46 0.0418606
0.465 0.0418593
0.47 0.0418582
0.475 0.0418573
0.48 0.0418564
0.485 0.0418558
0.49 0.0418552
0.495 0.0418548
0.5 0.0418546
0.505 0.0418545
0.51 0.0418545
0.515 0.0418546
0.52 0.041855
0.525 0.0418554
0.53 0.041856
0.535 0.0418567
0.54 0.0418576
0.545 0.0418586
0.55 0.0418598
0.555 0.0418611
0.56 0.0418625
0.565 0.0418641
0.57 0.0418659
0.575 0.0418677
0.58 0.0418697
0.585 0.0418719
0.59 0.0418742
0.595 0.0418766
0.6 0.0418792
0.605 0.041882
0.61 0.0418848
0.615 0.0418879
0.62 0.041891
0.625 0.0418943
0.63 0.0418978
0.635 0.0419014
0.64 0.0419051
0.645 0.041909
0.65 0.041913
0.655 0.0419172
0.66 0.0419215
0.665 0.0419259
0.67 0.0419305
0.675 0.0419353
0.68 0.0419402
0.685 0.0419452
0.69 0.0419504
0.695 0.0419557
0.7 0.0419612
0.705 0.0419668
0.71 0.0419726
0.715 0.0419785
0.72 0.0419845
0.725 0.0419907
0.73 0.0419971
0.735 0.0420036
0.74 0.0420102
0.745 0.042017
0.75 0.042024
0.755 0.042031
0.76 0.0420383
0.765 0.0420457
0.77 0.0420532
0.775 0.0420609
0.78 0.0420687
0.785 0.0420767
0.79 0.0420848
0.795 0.0420931
0.8 0.0421015
0.805 0.0421101
0.81 0.0421188
0.815 0.0421277
0.82 0.0421367
0.825 0.0421459
0.83 0.0421552
0.835 0.0421647
0.84 0.0421743
0.845 0.0421841
0.85 0.042194
0.855 0.0422041
0.86 0.0422143
0.865 0.0422247
0.87 0.0422352
0.875 0.0422459
0.88 0.0422568
0.885 0.0422678
0.89 0.0422789
0.895 0.0422902
0.9 0.0423017
0.905 0.0423133
0.91 0.0423251
0.915 0.042337
0.92 0.0423491
0.925 0.0423613
0.93 0.0423737
0.935 0.0423863
0.94 0.042399
0.945 0.0424119
0.95 0.0424249
0.955 0.0424381
0.96 0.0424514
0.965 0.0424649
0.97 0.0424785
0.975 0.0424924
0.98 0.0425063
0.985 0.0425205
0.99 0.0425348
0.995 0.0425492
1 0.0425638
1.005 0.0425786
