0 11285
0.005 11285
0.01 11285
0.015 11285
0.02 11285
0.025 11285
0.03 11285
0.035 11285
0.04 11285
0.045 11285
0.05 11285
0.055 11285
0.06 11285
0.065 11285
0.07 11285
0.075 11285
0.08 11285
0.085 11285
0.09 11285
0.095 11285
0.1 11285
0.105 11285
0.11 11285
0.115 11285
0.12 11285
0.125 11285
0.13 11285
0.135 11285
0.14 11285
0.145 11285
0.15 11285
0.155 11285
0.16 11285
0.165 11285
0.17 11285
0.175 11285
0.18 11285
0.185 11285
0.19 11285
0.195 11285
0.2 11285
0.205 11285
0.21 11285
0.215 11285
0.22 11285
0.225 11285
0.23 11285
0.235 11285
0.24 11285
0.245 11285
0.25 11285
0.255 11285
0.26 11285
0.265 11285
0.27 11285
0.275 11285
0.28 11285
0.285 11285
0.29 11285
0.295 11285
0.3 11285
0.305 11285
0.31 11285
0.315 11285
0.32 11285
0.325 11285
0.33 11285
0.335 11285
0.34 11285
0.345 11285
0.35 11285
0.355 11285
0.36 11285
0.365 11285
0.37 11285
0.375 11285
0.38 11285
0.385 11285
0.39 11285
0.395 11285
0.4 11285
0.405 11285
0.41 11285
0.415 11285
0.42 11285
0.425 11285
0.43 11285
0.435 11285
0.44 11285
0.445 11285
0.45 11285
0.455 11285
0.46 11285
0.465 11285
0.47 11285
0.475 11285
0.48 11285
0.485 11285
0.49 11285
0.495 11285
0.5 11285
0.505 11285
0.51 11285
0.515 11285
0.52 11285
0.525 11285
0.53 11285
0.535 11285
0.54 11285
0.545 11285
0.55 11285
0.555 11285
0.56 11285
0.565 11285
0.57 11285
0.575 11285
0.58 11285
0.585 11285
0.59 11285
0.595 11285
0.6 11285
0.605 11285
0.61 11285
0.615 11285
0.62 11285
0.625 11285
0.63 11285
0.635 11285
0.64 11285
0.645 11285
0.65 11285
0.655 11285
0.66 11285
0.665 11285
0.67 11285
0.675 11285
0.68 11285
0.685 11285
0.69 11285
0.695 11285
0.7 11285
0.705 11285
0.71 11285
0.715 11285
0.72 11285
0.725 11285
0.73 11285
0.735 11285
0.74 11285
0.745 11285
0.75 11285
0.755 11285
0.76 11285
0.765 11285
0.77 11285
0.775 11285
0.78 11285
0.785 11285
0.79 11285
0.795 11285
0.8 11285
0.805 11285
0.81 11285
0.815 11285
0.82 11285
0.825 11285
0.83 11285
0.835 11285
0.84 11285
0.845 11285
0.85 11285
0.855 11285
0.86 11285
0.865 11285
0.87 11285
0.875 11285
0.88 11285
0.885 11285
0.89 11285
0.895 11285
0.9 11285
0.905 11285
0.91 11285
0.915 11285
0.92 11285
0.925 11285
0.93 11285
0.935 11285
0.94 11285
0.945 11285
0.95 11285
0.955 11285
0.96 11285
0.965 11285
0.97 11285
0.975 11285
0.98 11285
0.985 11285
0.99 11285
0.995 11285
1 11285
1.005 11285
