0 999.832
0.005 1000.17
0.01 1000.5
0.015 1000.83
0.02 1001.16
0.025 1001.48
0.03 1001.8
0.035 1002.11
0.04 1002.43
0.045 1002.74
0.05 1003.04
0.055 1003.35
0.06 1003.65
0.065 1003.95
0.07 1004.24
0.075 1004.53
0.08 1004.82
0.085 1005.1
0.09 1005.38
0.095 1005.66
0.1 1005.93
0.105 1006.21
0.11 1006.47
0.115 1006.74
0.12 1007
0.125 1007.26
0.13 1007.51
0.135 1007.76
0.14 1008.01
0.145 1008.26
0.15 1008.5
0.155 1008.74
0.16 1008.97
0.165 1009.2
0.17 1009.43
0.175 1009.66
0.18 1009.88
0.185 1010.1
0.19 1010.31
0.195 1010.53
0.2 1010.74
0.205 1010.94
0.21 1011.14
0.215 1011.34
0.22 1011.54
0.225 1011.73
0.23 1011.92
0.235 1012.1
0.24 1012.29
0.245 1012.47
0.25 1012.64
0.255 1012.81
0.26 1012.98
0.265 1013.15
0.27 1013.31
0.275 1013.47
0.28 1013.62
0.285 1013.78
0.29 1013.93
0.295 1014.07
0.3 1014.21
0.305 1014.35
0.31 1014.49
0.315 1014.62
0.32 1014.75
0.325 1014.87
0.33 1015
0.335 1015.11
0.34 1015.23
0.345 1015.34
0.35 1015.45
0.355 1015.55
0.36 1015.66
0.365 1015.75
0.37 1015.85
0.375 1015.94
0.38 1016.03
0.385 1016.11
0.39 1016.19
0.395 1016.27
0.4 1016.35
0.405 1016.42
0.41 1016.49
0.415 1016.55
0.42 1016.61
0.425 1016.67
0.43 1016.72
0.435 1016.77
0.44 1016.82
0.445 1016.87
0.45 1016.91
0.455 1016.94
0.46 1016.98
0.465 1017.01
0.47 1017.03
0.475 1017.06
0.48 1017.08
0.485 1017.09
0.49 1017.11
0.495 1017.12
0.5 1017.12
0.505 1017.12
0.51 1017.12
0.515 1017.12
0.52 1017.11
0.525 1017.1
0.53 1017.09
0.535 1017.07
0.54 1017.05
0.545 1017.02
0.55 1017
0.555 1016.96
0.56 1016.93
0.565 1016.89
0.57 1016.85
0.575 1016.8
0.58 1016.75
0.585 1016.7
0.59 1016.65
0.595 1016.59
0.6 1016.52
0.605 1016.46
0.61 1016.39
0.615 1016.31
0.62 1016.24
0.625 1016.16
0.63 1016.07
0.635 1015.99
0.64 1015.9
0.645 1015.8
0.65 1015.7
0.655 1015.6
0.66 1015.5
0.665 1015.39
0.67 1015.28
0.675 1015.16
0.68 1015.05
0.685 1014.92
0.69 1014.8
0.695 1014.67
0.7 1014.54
0.705 1014.4
0.71 1014.26
0.715 1014.12
0.72 1013.97
0.725 1013.82
0.73 1013.67
0.735 1013.51
0.74 1013.35
0.745 1013.19
0.75 1013.02
0.755 1012.85
0.76 1012.68
0.765 1012.5
0.77 1012.32
0.775 1012.13
0.78 1011.95
0.785 1011.75
0.79 1011.56
0.795 1011.36
0.8 1011.16
0.805 1010.95
0.81 1010.74
0.815 1010.53
0.82 1010.31
0.825 1010.09
0.83 1009.87
0.835 1009.64
0.84 1009.41
0.845 1009.18
0.85 1008.94
0.855 1008.7
0.86 1008.45
0.865 1008.21
0.87 1007.95
0.875 1007.7
0.88 1007.44
0.885 1007.18
0.89 1006.91
0.895 1006.64
0.9 1006.37
0.905 1006.09
0.91 1005.81
0.915 1005.53
0.92 1005.24
0.925 1004.95
0.93 1004.66
0.935 1004.36
0.94 1004.06
0.945 1003.76
0.95 1003.45
0.955 1003.14
0.96 1002.82
0.965 1002.5
0.97 1002.18
0.975 1001.86
0.98 1001.53
0.985 1001.19
0.99 1000.86
0.995 1000.52
1 1000.17
1.005 999.826
