0 3.08805e-05
0.005 -3.08805e-05
0.01 -9.24243e-05
0.015 -0.000153272
0.02 -0.000213119
0.025 -0.000271865
0.03 -0.000329482
0.035 -0.000385964
0.04 -0.000441318
0.045 -0.000495548
0.05 -0.000548663
0.055 -0.000600671
0.06 -0.00065158
0.065 -0.000701399
0.07 -0.000750135
0.075 -0.000797797
0.08 -0.000844393
0.085 -0.000889931
0.09 -0.00093442
0.095 -0.000977868
0.1 -0.00102028
0.105 -0.00106167
0.11 -0.00110205
0.115 -0.00114141
0.12 -0.00117978
0.125 -0.00121715
0.13 -0.00125354
0.135 -0.00128896
0.14 -0.0013234
0.145 -0.00135689
0.15 -0.00138943
0.155 -0.00142102
0.16 -0.00145169
0.165 -0.00148142
0.17 -0.00151024
0.175 -0.00153815
0.18 -0.00156515
0.185 -0.00159127
0.19 -0.0016165
0.195 -0.00164085
0.2 -0.00166433
0.205 -0.00168696
0.21 -0.00170873
0.215 -0.00172966
0.22 -0.00174975
0.225 -0.00176901
0.23 -0.00178746
0.235 -0.00180509
0.24 -0.00182193
0.245 -0.00183796
0.25 -0.00185322
0.255 -0.00186769
0.26 -0.00188139
0.265 -0.00189434
0.27 -0.00190652
0.275 -0.00191797
0.28 -0.00192867
0.285 -0.00193865
0.29 -0.00194791
0.295 -0.00195646
0.3 -0.0019643
0.305 -0.00197144
0.31 -0.0019779
0.315 -0.00198368
0.32 -0.00198879
0.325 -0.00199323
0.33 -0.00199702
0.335 -0.00200016
0.34 -0.00200267
0.345 -0.00200455
0.35 -0.0020058
0.355 -0.00200644
0.36 -0.00200647
0.365 -0.00200591
0.37 -0.00200476
0.375 -0.00200303
0.38 -0.00200073
0.385 -0.00199786
0.39 -0.00199444
0.395 -0.00199047
0.4 -0.00198596
0.405 -0.00198092
0.41 -0.00197535
0.415 -0.00196928
0.42 -0.00196269
0.425 -0.00195561
0.43 -0.00194804
0.435 -0.00193999
0.44 -0.00193146
0.445 -0.00192247
0.45 -0.00191302
0.455 -0.00190313
0.46 -0.00189279
0.465 -0.00188202
0.47 -0.00187083
0.475 -0.00185923
0.48 -0.00184722
0.485 -0.00183481
0.49 -0.00182201
0.495 -0.00180882
0.5 -0.00179527
0.505 -0.00178135
0.51 -0.00176707
0.515 -0.00175244
0.52 -0.00173747
0.525 -0.00172218
0.53 -0.00170655
0.535 -0.00169062
0.54 -0.00167437
0.545 -0.00165783
0.55 -0.001641
0.555 -0.00162388
0.56 -0.00160649
0.565 -0.00158884
0.57 -0.00157093
0.575 -0.00155277
0.58 -0.00153437
0.585 -0.00151574
0.59 -0.00149689
0.595 -0.00147782
0.6 -0.00145855
0.605 -0.00143908
0.61 -0.00141942
0.615 -0.00139958
0.62 -0.00137956
0.625 -0.00135938
0.63 -0.00133905
0.635 -0.00131856
0.64 -0.00129794
0.645 -0.00127719
0.65 -0.00125632
0.655 -0.00123533
0.66 -0.00121424
0.665 -0.00119305
0.67 -0.00117177
0.675 -0.00115041
0.68 -0.00112898
0.685 -0.00110749
0.69 -0.00108595
0.695 -0.00106436
0.7 -0.00104273
0.705 -0.00102107
0.71 -0.000999395
0.715 -0.000977707
0.72 -0.000956016
0.725 -0.00093433
0.73 -0.000912659
0.735 -0.00089101
0.74 -0.000869393
0.745 -0.000847816
0.75 -0.000826287
0.755 -0.000804815
0.76 -0.000783409
0.765 -0.000762077
0.77 -0.000740828
0.775 -0.00071967
0.78 -0.000698613
0.785 -0.000677664
0.79 -0.000656834
0.795 -0.000636129
0.8 -0.000615559
0.805 -0.000595133
0.81 -0.000574859
0.815 -0.000554746
0.82 -0.000534802
0.825 -0.000515037
0.83 -0.000495459
0.835 -0.000476077
0.84 -0.0004569
0.845 -0.000437936
0.85 -0.000419194
0.855 -0.000400683
0.86 -0.000382412
0.865 -0.00036439
0.87 -0.000346624
0.875 -0.000329125
0.88 -0.000311901
0.885 -0.000294961
0.89 -0.000278314
0.895 -0.000261968
0.9 -0.000245933
0.905 -0.000230217
0.91 -0.000214829
0.915 -0.000199779
0.92 -0.000185074
0.925 -0.000170725
0.93 -0.00015674
0.935 -0.000143128
0.94 -0.000129898
0.945 -0.000117059
0.95 -0.00010462
0.955 -9.25896e-05
0.96 -8.09775e-05
0.965 -6.97925e-05
0.97 -5.90435e-05
0.975 -4.87393e-05
0.98 -3.88881e-05
0.985 -2.94962e-05
0.99 -2.05648e-05
0.995 -1.20782e-05
1 -3.97137e-06
1.005 3.97137e-06
