0 371.301
0.01 371.273
0.02 371.243
0.03 371.213
0.04 371.181
0.05 371.149
0.06 371.116
0.07 371.082
0.08 371.048
0.09 371.014
0.1 370.981
0.11 370.947
0.12 370.914
0.13 370.881
0.14 370.849
0.15 370.818
0.16 370.789
0.17 370.76
0.18 370.732
0.19 370.707
0.2 370.682
0.21 370.659
0.22 370.639
0.23 370.619
0.24 370.602
0.25 370.588
0.26 370.575
0.27 370.564
0.28 370.556
0.29 370.55
0.3 370.547
0.31 370.546
0.32 370.547
0.33 370.551
0.34 370.558
0.35 370.567
0.36 370.578
0.37 370.592
0.38 370.609
0.39 370.628
0.4 370.65
0.41 370.674
0.42 370.701
0.43 370.73
0.44 370.761
0.45 370.794
0.46 370.83
0.47 370.867
0.48 370.907
0.49 370.948
0.5 370.991
0.51 371.036
0.52 371.082
0.53 371.129
0.54 371.178
0.55 371.228
0.56 371.278
0.57 371.33
0.58 371.382
0.59 371.434
0.6 371.487
0.61 371.539
0.62 371.592
0.63 371.644
0.64 371.696
0.65 371.746
0.66 371.796
0.67 371.845
0.68 371.893
0.69 371.938
0.7 371.982
0.71 372.024
0.72 372.064
0.73 372.102
0.74 372.136
0.75 372.168
0.76 372.196
0.77 372.221
0.78 372.243
0.79 372.26
0.8 372.274
0.81 372.283
0.82 372.288
0.83 372.288
0.84 372.282
0.85 372.272
0.86 372.256
0.87 372.235
0.88 372.208
0.89 372.174
0.9 372.134
0.91 372.088
0.92 372.035
0.93 371.975
0.94 371.909
0.95 371.834
0.96 371.753
0.97 371.663
0.98 371.566
0.99 371.461
1 371.348
1.01 371.226
