0 1000.04
0.01 999.962
0.02 999.883
0.03 999.801
0.04 999.716
0.05 999.628
0.06 999.539
0.07 999.449
0.08 999.358
0.09 999.266
0.1 999.175
0.11 999.085
0.12 998.995
0.13 998.908
0.14 998.822
0.15 998.739
0.16 998.658
0.17 998.581
0.18 998.507
0.19 998.437
0.2 998.371
0.21 998.31
0.22 998.254
0.23 998.203
0.24 998.157
0.25 998.117
0.26 998.082
0.27 998.054
0.28 998.032
0.29 998.016
0.3 998.006
0.31 998.004
0.32 998.008
0.33 998.018
0.34 998.036
0.35 998.06
0.36 998.092
0.37 998.13
0.38 998.175
0.39 998.227
0.4 998.285
0.41 998.35
0.42 998.422
0.43 998.499
0.44 998.583
0.45 998.673
0.46 998.769
0.47 998.87
0.48 998.976
0.49 999.087
0.5 999.203
0.51 999.324
0.52 999.448
0.53 999.576
0.54 999.707
0.55 999.841
0.56 999.977
0.57 1000.12
0.58 1000.26
0.59 1000.4
0.6 1000.54
0.61 1000.68
0.62 1000.82
0.63 1000.96
0.64 1001.1
0.65 1001.24
0.66 1001.37
0.67 1001.5
0.68 1001.63
0.69 1001.76
0.7 1001.87
0.71 1001.99
0.72 1002.09
0.73 1002.19
0.74 1002.29
0.75 1002.37
0.76 1002.45
0.77 1002.52
0.78 1002.57
0.79 1002.62
0.8 1002.66
0.81 1002.68
0.82 1002.7
0.83 1002.7
0.84 1002.68
0.85 1002.65
0.86 1002.61
0.87 1002.55
0.88 1002.48
0.89 1002.39
0.9 1002.28
0.91 1002.16
0.92 1002.02
0.93 1001.85
0.94 1001.67
0.95 1001.47
0.96 1001.25
0.97 1001.01
0.98 1000.75
0.99 1000.47
1 1000.16
1.01 999.836
