0 -0.897884
0.01 0.897884
0.02 2.69432
0.03 4.49264
0.04 6.29403
0.05 8.0997
0.06 9.91084
0.07 11.7286
0.08 13.5543
0.09 15.3889
0.1 17.2337
0.11 19.0899
0.12 20.9584
0.13 22.8406
0.14 24.7375
0.15 26.6501
0.16 28.5796
0.17 30.5271
0.18 32.4935
0.19 34.4799
0.2 36.4873
0.21 38.5167
0.22 40.5691
0.23 42.6454
0.24 44.7464
0.25 46.8732
0.26 49.0265
0.27 51.2072
0.28 53.4162
0.29 55.6541
0.3 57.9217
0.31 60.2198
0.32 62.549
0.33 64.9101
0.34 67.3035
0.35 69.73
0.36 72.1901
0.37 74.6843
0.38 77.2131
0.39 79.7769
0.4 82.3762
0.41 85.0114
0.42 87.6828
0.43 90.3907
0.44 93.1354
0.45 95.9171
0.46 98.736
0.47 101.592
0.48 104.486
0.49 107.418
0.5 110.387
0.51 113.394
0.52 116.438
0.53 119.52
0.54 122.639
0.55 125.796
0.56 128.99
0.57 132.221
0.58 135.488
0.59 138.792
0.6 142.132
0.61 145.508
0.62 148.919
0.63 152.365
0.64 155.845
0.65 159.359
0.66 162.907
0.67 166.487
0.68 170.1
0.69 173.744
0.7 177.42
0.71 181.125
0.72 184.861
0.73 188.625
0.74 192.417
0.75 196.237
0.76 200.083
0.77 203.954
0.78 207.851
0.79 211.772
0.8 215.715
0.81 219.681
0.82 223.668
0.83 227.675
0.84 231.701
0.85 235.746
0.86 239.808
0.87 243.886
0.88 247.98
0.89 252.087
0.9 256.208
0.91 260.341
0.92 264.485
0.93 268.639
0.94 272.801
0.95 276.972
0.96 281.149
0.97 285.332
0.98 289.519
0.99 293.71
1 297.903
1.01 302.097
