0 0.00149393
0.002 0.00149355
0.004 0.00149316
0.006 0.00149278
0.008 0.0014924
0.01 0.00149202
0.012 0.00149165
0.014 0.00149127
0.016 0.0014909
0.018 0.00149053
0.02 0.00149016
0.022 0.00148979
0.024 0.00148942
0.026 0.00148905
0.028 0.00148869
0.03 0.00148833
0.032 0.00148796
0.034 0.0014876
0.036 0.00148724
0.038 0.00148689
0.04 0.00148653
0.042 0.00148618
0.044 0.00148582
0.046 0.00148547
0.048 0.00148512
0.05 0.00148477
0.052 0.00148443
0.054 0.00148408
0.056 0.00148374
0.058 0.0014834
0.06 0.00148305
0.062 0.00148271
0.064 0.00148238
0.066 0.00148204
0.068 0.0014817
0.07 0.00148137
0.072 0.00148104
0.074 0.00148071
0.076 0.00148038
0.078 0.00148005
0.08 0.00147973
0.082 0.0014794
0.084 0.00147908
0.086 0.00147875
0.088 0.00147843
0.09 0.00147812
0.092 0.0014778
0.094 0.00147748
0.096 0.00147717
0.098 0.00147685
0.1 0.00147654
0.102 0.00147623
0.104 0.00147592
0.106 0.00147562
0.108 0.00147531
0.11 0.00147501
0.112 0.00147471
0.114 0.0014744
0.116 0.0014741
0.118 0.00147381
0.12 0.00147351
0.122 0.00147321
0.124 0.00147292
0.126 0.00147263
0.128 0.00147234
0.13 0.00147205
0.132 0.00147176
0.134 0.00147147
0.136 0.00147119
0.138 0.00147091
0.14 0.00147062
0.142 0.00147034
0.144 0.00147006
0.146 0.00146979
0.148 0.00146951
0.15 0.00146924
0.152 0.00146896
0.154 0.00146869
0.156 0.00146842
0.158 0.00146815
0.16 0.00146789
0.162 0.00146762
0.164 0.00146736
0.166 0.00146709
0.168 0.00146683
0.17 0.00146657
0.172 0.00146631
0.174 0.00146606
0.176 0.0014658
0.178 0.00146555
0.18 0.0014653
0.182 0.00146504
0.184 0.0014648
0.186 0.00146455
0.188 0.0014643
0.19 0.00146406
0.192 0.00146381
0.194 0.00146357
0.196 0.00146333
0.198 0.00146309
0.2 0.00146285
0.202 0.00146262
0.204 0.00146238
0.206 0.00146215
0.208 0.00146192
0.21 0.00146169
0.212 0.00146146
0.214 0.00146123
0.216 0.00146101
0.218 0.00146078
0.22 0.00146056
0.222 0.00146034
0.224 0.00146012
0.226 0.0014599
0.228 0.00145968
0.23 0.00145947
0.232 0.00145926
0.234 0.00145904
0.236 0.00145883
0.238 0.00145862
0.24 0.00145842
0.242 0.00145821
0.244 0.001458
0.246 0.0014578
0.248 0.0014576
0.25 0.0014574
0.252 0.0014572
0.254 0.001457
0.256 0.00145681
0.258 0.00145661
0.26 0.00145642
0.262 0.00145623
0.264 0.00145604
0.266 0.00145585
0.268 0.00145566
0.27 0.00145548
0.272 0.00145529
0.274 0.00145511
0.276 0.00145493
0.278 0.00145475
0.28 0.00145457
0.282 0.0014544
0.284 0.00145422
0.286 0.00145405
0.288 0.00145388
0.29 0.00145371
0.292 0.00145354
0.294 0.00145337
0.296 0.0014532
0.298 0.00145304
0.3 0.00145288
0.302 0.00145271
0.304 0.00145255
0.306 0.0014524
0.308 0.00145224
0.31 0.00145208
0.312 0.00145193
0.314 0.00145178
0.316 0.00145163
0.318 0.00145148
0.32 0.00145133
0.322 0.00145118
0.324 0.00145104
0.326 0.00145089
0.328 0.00145075
0.33 0.00145061
0.332 0.00145047
0.334 0.00145033
0.336 0.0014502
0.338 0.00145006
0.34 0.00144993
0.342 0.0014498
0.344 0.00144967
0.346 0.00144954
0.348 0.00144941
0.35 0.00144929
0.352 0.00144916
0.354 0.00144904
0.356 0.00144892
0.358 0.0014488
0.36 0.00144868
0.362 0.00144857
0.364 0.00144845
0.366 0.00144834
0.368 0.00144823
0.37 0.00144812
0.372 0.00144801
0.374 0.0014479
0.376 0.0014478
0.378 0.00144769
0.38 0.00144759
0.382 0.00144749
0.384 0.00144739
0.386 0.00144729
0.388 0.00144719
0.39 0.0014471
0.392 0.001447
0.394 0.00144691
0.396 0.00144682
0.398 0.00144673
0.4 0.00144664
0.402 0.00144656
0.404 0.00144647
0.406 0.00144639
0.408 0.00144631
0.41 0.00144623
0.412 0.00144615
0.414 0.00144607
0.416 0.001446
0.418 0.00144593
0.42 0.00144585
0.422 0.00144578
0.424 0.00144571
0.426 0.00144565
0.428 0.00144558
0.43 0.00144551
0.432 0.00144545
0.434 0.00144539
0.436 0.00144533
0.438 0.00144527
0.44 0.00144521
0.442 0.00144516
0.444 0.0014451
0.446 0.00144505
0.448 0.001445
0.45 0.00144495
0.452 0.0014449
0.454 0.00144486
0.456 0.00144481
0.458 0.00144477
0.46 0.00144473
0.462 0.00144469
0.464 0.00144465
0.466 0.00144461
0.468 0.00144458
0.47 0.00144454
0.472 0.00144451
0.474 0.00144448
0.476 0.00144445
0.478 0.00144442
0.48 0.0014444
0.482 0.00144437
0.484 0.00144435
0.486 0.00144433
0.488 0.00144431
0.49 0.00144429
0.492 0.00144427
0.494 0.00144426
0.496 0.00144424
0.498 0.00144423
0.5 0.00144422
0.502 0.00144421
0.504 0.0014442
0.506 0.0014442
0.508 0.00144419
0.51 0.00144419
0.512 0.00144419
0.514 0.00144419
0.516 0.00144419
0.518 0.00144419
0.52 0.0014442
0.522 0.0014442
0.524 0.00144421
0.526 0.00144422
0.528 0.00144423
0.53 0.00144425
0.532 0.00144426
0.534 0.00144428
0.536 0.00144429
0.538 0.00144431
0.54 0.00144433
0.542 0.00144435
0.544 0.00144438
0.546 0.0014444
0.548 0.00144443
0.55 0.00144446
0.552 0.00144449
0.554 0.00144452
0.556 0.00144455
0.558 0.00144459
0.56 0.00144462
0.562 0.00144466
0.564 0.0014447
0.566 0.00144474
0.568 0.00144479
0.57 0.00144483
0.572 0.00144488
0.574 0.00144492
0.576 0.00144497
0.578 0.00144502
0.58 0.00144508
0.582 0.00144513
0.584 0.00144518
0.586 0.00144524
0.588 0.0014453
0.59 0.00144536
0.592 0.00144542
0.594 0.00144549
0.596 0.00144555
0.598 0.00144562
0.6 0.00144569
0.602 0.00144575
0.604 0.00144583
0.606 0.0014459
0.608 0.00144597
0.61 0.00144605
0.612 0.00144613
0.614 0.00144621
0.616 0.00144629
0.618 0.00144637
0.62 0.00144646
0.622 0.00144654
0.624 0.00144663
0.626 0.00144672
0.628 0.00144681
0.63 0.0014469
0.632 0.00144699
0.634 0.00144709
0.636 0.00144719
0.638 0.00144729
0.64 0.00144739
0.642 0.00144749
0.644 0.00144759
0.646 0.0014477
0.648 0.0014478
0.65 0.00144791
0.652 0.00144802
0.654 0.00144814
0.656 0.00144825
0.658 0.00144836
0.66 0.00144848
0.662 0.0014486
0.664 0.00144872
0.666 0.00144884
0.668 0.00144896
0.67 0.00144909
0.672 0.00144922
0.674 0.00144934
0.676 0.00144947
0.678 0.00144961
0.68 0.00144974
0.682 0.00144987
0.684 0.00145001
0.686 0.00145015
0.688 0.00145029
0.69 0.00145043
0.692 0.00145057
0.694 0.00145072
0.696 0.00145086
0.698 0.00145101
0.7 0.00145116
0.702 0.00145131
0.704 0.00145147
0.706 0.00145162
0.708 0.00145178
0.71 0.00145194
0.712 0.0014521
0.714 0.00145226
0.716 0.00145242
0.718 0.00145259
0.72 0.00145275
0.722 0.00145292
0.724 0.00145309
0.726 0.00145326
0.728 0.00145344
0.73 0.00145361
0.732 0.00145379
0.734 0.00145397
0.736 0.00145415
0.738 0.00145433
0.74 0.00145451
0.742 0.0014547
0.744 0.00145488
0.746 0.00145507
0.748 0.00145526
0.75 0.00145545
0.752 0.00145565
0.754 0.00145584
0.756 0.00145604
0.758 0.00145624
0.76 0.00145644
0.762 0.00145664
0.764 0.00145685
0.766 0.00145705
0.768 0.00145726
0.77 0.00145747
0.772 0.00145768
0.774 0.00145789
0.776 0.00145811
0.778 0.00145832
0.78 0.00145854
0.782 0.00145876
0.784 0.00145898
0.786 0.0014592
0.788 0.00145943
0.79 0.00145965
0.792 0.00145988
0.794 0.00146011
0.796 0.00146034
0.798 0.00146058
0.8 0.00146081
0.802 0.00146105
0.804 0.00146129
0.806 0.00146153
0.808 0.00146177
0.81 0.00146201
0.812 0.00146226
0.814 0.00146251
0.816 0.00146276
0.818 0.00146301
0.82 0.00146326
0.822 0.00146352
0.824 0.00146377
0.826 0.00146403
0.828 0.00146429
0.83 0.00146455
0.832 0.00146481
0.834 0.00146508
0.836 0.00146535
0.838 0.00146562
0.84 0.00146589
0.842 0.00146616
0.844 0.00146643
0.846 0.00146671
0.848 0.00146699
0.85 0.00146727
0.852 0.00146755
0.854 0.00146783
0.856 0.00146811
0.858 0.0014684
0.86 0.00146869
0.862 0.00146898
0.864 0.00146927
0.866 0.00146957
0.868 0.00146986
0.87 0.00147016
0.872 0.00147046
0.874 0.00147076
0.876 0.00147106
0.878 0.00147137
0.88 0.00147168
0.882 0.00147198
0.884 0.00147229
0.886 0.00147261
0.888 0.00147292
0.89 0.00147324
0.892 0.00147356
0.894 0.00147387
0.896 0.0014742
0.898 0.00147452
0.9 0.00147484
0.902 0.00147517
0.904 0.0014755
0.906 0.00147583
0.908 0.00147616
0.91 0.0014765
0.912 0.00147684
0.914 0.00147717
0.916 0.00147751
0.918 0.00147786
0.92 0.0014782
0.922 0.00147855
0.924 0.00147889
0.926 0.00147924
0.928 0.00147959
0.93 0.00147995
0.932 0.0014803
0.934 0.00148066
0.936 0.00148102
0.938 0.00148138
0.94 0.00148174
0.942 0.00148211
0.944 0.00148247
0.946 0.00148284
0.948 0.00148321
0.95 0.00148359
0.952 0.00148396
0.954 0.00148434
0.956 0.00148471
0.958 0.00148509
0.96 0.00148548
0.962 0.00148586
0.964 0.00148625
0.966 0.00148663
0.968 0.00148702
0.97 0.00148742
0.972 0.00148781
0.974 0.00148821
0.976 0.0014886
0.978 0.001489
0.98 0.0014894
0.982 0.00148981
0.984 0.00149021
0.986 0.00149062
0.988 0.00149103
0.99 0.00149144
0.992 0.00149185
0.994 0.00149227
0.996 0.00149269
0.998 0.00149311
1 0.00149353
1.002 0.00149395
