0 310.895
0.002 310.895
0.004 310.895
0.006 310.895
0.008 310.895
0.01 310.895
0.012 310.895
0.014 310.895
0.016 310.895
0.018 310.895
0.02 310.895
0.022 310.895
0.024 310.895
0.026 310.895
0.028 310.895
0.03 310.895
0.032 310.895
0.034 310.895
0.036 310.895
0.038 310.895
0.04 310.895
0.042 310.895
0.044 310.895
0.046 310.895
0.048 310.895
0.05 310.895
0.052 310.895
0.054 310.895
0.056 310.895
0.058 310.895
0.06 310.895
0.062 310.895
0.064 310.895
0.066 310.895
0.068 310.895
0.07 310.895
0.072 310.895
0.074 310.895
0.076 310.895
0.078 310.895
0.08 310.895
0.082 310.895
0.084 310.895
0.086 310.895
0.088 310.895
0.09 310.895
0.092 310.895
0.094 310.895
0.096 310.895
0.098 310.895
0.1 310.895
0.102 310.895
0.104 310.895
0.106 310.895
0.108 310.895
0.11 310.895
0.112 310.895
0.114 310.895
0.116 310.895
0.118 310.895
0.12 310.895
0.122 310.895
0.124 310.895
0.126 310.895
0.128 310.895
0.13 310.895
0.132 310.895
0.134 310.895
0.136 310.895
0.138 310.895
0.14 310.895
0.142 310.895
0.144 310.895
0.146 310.895
0.148 310.895
0.15 310.895
0.152 310.895
0.154 310.895
0.156 310.895
0.158 310.895
0.16 310.895
0.162 310.895
0.164 310.895
0.166 310.895
0.168 310.895
0.17 310.895
0.172 310.895
0.174 310.895
0.176 310.895
0.178 310.895
0.18 310.895
0.182 310.895
0.184 310.895
0.186 310.895
0.188 310.895
0.19 310.895
0.192 310.895
0.194 310.895
0.196 310.895
0.198 310.895
0.2 310.895
0.202 310.895
0.204 310.895
0.206 310.895
0.208 310.895
0.21 310.895
0.212 310.895
0.214 310.895
0.216 310.895
0.218 310.895
0.22 310.895
0.222 310.895
0.224 310.895
0.226 310.895
0.228 310.895
0.23 310.895
0.232 310.895
0.234 310.895
0.236 310.895
0.238 310.895
0.24 310.895
0.242 310.895
0.244 310.895
0.246 310.895
0.248 310.895
0.25 310.895
0.252 310.895
0.254 310.895
0.256 310.895
0.258 310.895
0.26 310.895
0.262 310.895
0.264 310.895
0.266 310.895
0.268 310.895
0.27 310.895
0.272 310.895
0.274 310.895
0.276 310.895
0.278 310.895
0.28 310.895
0.282 310.895
0.284 310.895
0.286 310.895
0.288 310.895
0.29 310.895
0.292 310.895
0.294 310.895
0.296 310.895
0.298 310.895
0.3 310.895
0.302 310.895
0.304 310.895
0.306 310.895
0.308 310.895
0.31 310.895
0.312 310.895
0.314 310.895
0.316 310.895
0.318 310.895
0.32 310.895
0.322 310.895
0.324 310.895
0.326 310.895
0.328 310.895
0.33 310.895
0.332 310.895
0.334 310.895
0.336 310.895
0.338 310.895
0.34 310.895
0.342 310.895
0.344 310.895
0.346 310.895
0.348 310.895
0.35 310.895
0.352 310.895
0.354 310.895
0.356 310.895
0.358 310.895
0.36 310.895
0.362 310.895
0.364 310.895
0.366 310.895
0.368 310.895
0.37 310.895
0.372 310.895
0.374 310.895
0.376 310.895
0.378 310.895
0.38 310.895
0.382 310.895
0.384 310.895
0.386 310.895
0.388 310.895
0.39 310.895
0.392 310.895
0.394 310.895
0.396 310.895
0.398 310.895
0.4 310.895
0.402 310.895
0.404 310.895
0.406 310.895
0.408 310.895
0.41 310.895
0.412 310.895
0.414 310.895
0.416 310.895
0.418 310.895
0.42 310.895
0.422 310.895
0.424 310.895
0.426 310.895
0.428 310.895
0.43 310.895
0.432 310.895
0.434 310.895
0.436 310.895
0.438 310.895
0.44 310.895
0.442 310.895
0.444 310.895
0.446 310.895
0.448 310.895
0.45 310.895
0.452 310.895
0.454 310.895
0.456 310.895
0.458 310.895
0.46 310.895
0.462 310.895
0.464 310.895
0.466 310.895
0.468 310.895
0.47 310.895
0.472 310.895
0.474 310.895
0.476 310.895
0.478 310.895
0.48 310.895
0.482 310.895
0.484 310.895
0.486 310.895
0.488 310.895
0.49 310.895
0.492 310.895
0.494 310.895
0.496 310.895
0.498 310.895
0.5 310.895
0.502 310.895
0.504 310.895
0.506 310.895
0.508 310.895
0.51 310.895
0.512 310.895
0.514 310.895
0.516 310.895
0.518 310.895
0.52 310.895
0.522 310.895
0.524 310.895
0.526 310.895
0.528 310.895
0.53 310.895
0.532 310.895
0.534 310.895
0.536 310.895
0.538 310.895
0.54 310.895
0.542 310.895
0.544 310.895
0.546 310.895
0.548 310.895
0.55 310.895
0.552 310.895
0.554 310.895
0.556 310.895
0.558 310.895
0.56 310.895
0.562 310.895
0.564 310.895
0.566 310.895
0.568 310.895
0.57 310.895
0.572 310.895
0.574 310.895
0.576 310.895
0.578 310.895
0.58 310.895
0.582 310.895
0.584 310.895
0.586 310.895
0.588 310.895
0.59 310.895
0.592 310.895
0.594 310.895
0.596 310.895
0.598 310.895
0.6 310.895
0.602 310.895
0.604 310.895
0.606 310.895
0.608 310.895
0.61 310.895
0.612 310.895
0.614 310.895
0.616 310.895
0.618 310.895
0.62 310.895
0.622 310.895
0.624 310.895
0.626 310.895
0.628 310.895
0.63 310.895
0.632 310.895
0.634 310.895
0.636 310.895
0.638 310.895
0.64 310.895
0.642 310.895
0.644 310.895
0.646 310.895
0.648 310.895
0.65 310.895
0.652 310.895
0.654 310.895
0.656 310.895
0.658 310.895
0.66 310.895
0.662 310.895
0.664 310.895
0.666 310.895
0.668 310.895
0.67 310.895
0.672 310.895
0.674 310.895
0.676 310.895
0.678 310.895
0.68 310.895
0.682 310.895
0.684 310.895
0.686 310.895
0.688 310.895
0.69 310.895
0.692 310.895
0.694 310.895
0.696 310.895
0.698 310.895
0.7 310.895
0.702 310.895
0.704 310.895
0.706 310.895
0.708 310.895
0.71 310.895
0.712 310.895
0.714 310.895
0.716 310.895
0.718 310.895
0.72 310.895
0.722 310.895
0.724 310.895
0.726 310.895
0.728 310.895
0.73 310.895
0.732 310.895
0.734 310.895
0.736 310.895
0.738 310.895
0.74 310.895
0.742 310.895
0.744 310.895
0.746 310.895
0.748 310.895
0.75 310.895
0.752 310.895
0.754 310.895
0.756 310.895
0.758 310.895
0.76 310.895
0.762 310.895
0.764 310.895
0.766 310.895
0.768 310.895
0.77 310.895
0.772 310.895
0.774 310.895
0.776 310.895
0.778 310.895
0.78 310.895
0.782 310.895
0.784 310.895
0.786 310.895
0.788 310.895
0.79 310.895
0.792 310.895
0.794 310.895
0.796 310.895
0.798 310.895
0.8 310.895
0.802 310.895
0.804 310.895
0.806 310.895
0.808 310.895
0.81 310.895
0.812 310.895
0.814 310.895
0.816 310.895
0.818 310.895
0.82 310.895
0.822 310.895
0.824 310.895
0.826 310.895
0.828 310.895
0.83 310.895
0.832 310.895
0.834 310.895
0.836 310.895
0.838 310.895
0.84 310.895
0.842 310.895
0.844 310.895
0.846 310.895
0.848 310.895
0.85 310.895
0.852 310.895
0.854 310.895
0.856 310.895
0.858 310.895
0.86 310.895
0.862 310.895
0.864 310.895
0.866 310.895
0.868 310.895
0.87 310.895
0.872 310.895
0.874 310.895
0.876 310.895
0.878 310.895
0.88 310.895
0.882 310.895
0.884 310.895
0.886 310.895
0.888 310.895
0.89 310.895
0.892 310.895
0.894 310.895
0.896 310.895
0.898 310.895
0.9 310.895
0.902 310.895
0.904 310.895
0.906 310.895
0.908 310.895
0.91 310.895
0.912 310.895
0.914 310.895
0.916 310.895
0.918 310.895
0.92 310.895
0.922 310.895
0.924 310.895
0.926 310.895
0.928 310.895
0.93 310.895
0.932 310.895
0.934 310.895
0.936 310.895
0.938 310.895
0.94 310.895
0.942 310.895
0.944 310.895
0.946 310.895
0.948 310.895
0.95 310.895
0.952 310.895
0.954 310.895
0.956 310.895
0.958 310.895
0.96 310.895
0.962 310.895
0.964 310.895
0.966 310.895
0.968 310.895
0.97 310.895
0.972 310.895
0.974 310.895
0.976 310.895
0.978 310.895
0.98 310.895
0.982 310.895
0.984 310.895
0.986 310.895
0.988 310.895
0.99 310.895
0.992 310.895
0.994 310.895
0.996 310.895
0.998 310.895
1 310.895
1.002 310.895
