0 999.871
0.002 1000.13
0.004 1000.38
0.006 1000.64
0.008 1000.89
0.01 1001.15
0.012 1001.4
0.014 1001.65
0.016 1001.9
0.018 1002.15
0.02 1002.4
0.022 1002.65
0.024 1002.9
0.026 1003.15
0.028 1003.39
0.03 1003.64
0.032 1003.88
0.034 1004.12
0.036 1004.37
0.038 1004.61
0.04 1004.85
0.042 1005.09
0.044 1005.33
0.046 1005.56
0.048 1005.8
0.05 1006.04
0.052 1006.27
0.054 1006.51
0.056 1006.74
0.058 1006.97
0.06 1007.2
0.062 1007.43
0.064 1007.66
0.066 1007.89
0.068 1008.12
0.07 1008.35
0.072 1008.57
0.074 1008.8
0.076 1009.02
0.078 1009.25
0.08 1009.47
0.082 1009.69
0.084 1009.91
0.086 1010.13
0.088 1010.35
0.09 1010.57
0.092 1010.79
0.094 1011
0.096 1011.22
0.098 1011.43
0.1 1011.64
0.102 1011.86
0.104 1012.07
0.106 1012.28
0.108 1012.49
0.11 1012.7
0.112 1012.91
0.114 1013.11
0.116 1013.32
0.118 1013.52
0.12 1013.73
0.122 1013.93
0.124 1014.13
0.126 1014.33
0.128 1014.53
0.13 1014.73
0.132 1014.93
0.134 1015.13
0.136 1015.33
0.138 1015.52
0.14 1015.72
0.142 1015.91
0.144 1016.1
0.146 1016.3
0.148 1016.49
0.15 1016.68
0.152 1016.87
0.154 1017.05
0.156 1017.24
0.158 1017.43
0.16 1017.61
0.162 1017.8
0.164 1017.98
0.166 1018.16
0.168 1018.34
0.17 1018.52
0.172 1018.7
0.174 1018.88
0.176 1019.06
0.178 1019.23
0.18 1019.41
0.182 1019.59
0.184 1019.76
0.186 1019.93
0.188 1020.1
0.19 1020.27
0.192 1020.44
0.194 1020.61
0.196 1020.78
0.198 1020.95
0.2 1021.11
0.202 1021.28
0.204 1021.44
0.206 1021.6
0.208 1021.77
0.21 1021.93
0.212 1022.09
0.214 1022.24
0.216 1022.4
0.218 1022.56
0.22 1022.72
0.222 1022.87
0.224 1023.02
0.226 1023.18
0.228 1023.33
0.23 1023.48
0.232 1023.63
0.234 1023.78
0.236 1023.93
0.238 1024.07
0.24 1024.22
0.242 1024.36
0.244 1024.51
0.246 1024.65
0.248 1024.79
0.25 1024.93
0.252 1025.07
0.254 1025.21
0.256 1025.35
0.258 1025.49
0.26 1025.62
0.262 1025.76
0.264 1025.89
0.266 1026.02
0.268 1026.16
0.27 1026.29
0.272 1026.42
0.274 1026.55
0.276 1026.67
0.278 1026.8
0.28 1026.93
0.282 1027.05
0.284 1027.17
0.286 1027.3
0.288 1027.42
0.29 1027.54
0.292 1027.66
0.294 1027.78
0.296 1027.89
0.298 1028.01
0.3 1028.12
0.302 1028.24
0.304 1028.35
0.306 1028.46
0.308 1028.58
0.31 1028.69
0.312 1028.8
0.314 1028.9
0.316 1029.01
0.318 1029.12
0.32 1029.22
0.322 1029.33
0.324 1029.43
0.326 1029.53
0.328 1029.63
0.33 1029.73
0.332 1029.83
0.334 1029.93
0.336 1030.02
0.338 1030.12
0.34 1030.21
0.342 1030.31
0.344 1030.4
0.346 1030.49
0.348 1030.58
0.35 1030.67
0.352 1030.76
0.354 1030.84
0.356 1030.93
0.358 1031.02
0.36 1031.1
0.362 1031.18
0.364 1031.26
0.366 1031.34
0.368 1031.42
0.37 1031.5
0.372 1031.58
0.374 1031.66
0.376 1031.73
0.378 1031.81
0.38 1031.88
0.382 1031.95
0.384 1032.02
0.386 1032.09
0.388 1032.16
0.39 1032.23
0.392 1032.3
0.394 1032.36
0.396 1032.43
0.398 1032.49
0.4 1032.55
0.402 1032.61
0.404 1032.68
0.406 1032.73
0.408 1032.79
0.41 1032.85
0.412 1032.91
0.414 1032.96
0.416 1033.01
0.418 1033.07
0.42 1033.12
0.422 1033.17
0.424 1033.22
0.426 1033.27
0.428 1033.31
0.43 1033.36
0.432 1033.41
0.434 1033.45
0.436 1033.49
0.438 1033.54
0.44 1033.58
0.442 1033.62
0.444 1033.65
0.446 1033.69
0.448 1033.73
0.45 1033.76
0.452 1033.8
0.454 1033.83
0.456 1033.86
0.458 1033.89
0.46 1033.92
0.462 1033.95
0.464 1033.98
0.466 1034.01
0.468 1034.03
0.47 1034.06
0.472 1034.08
0.474 1034.1
0.476 1034.12
0.478 1034.14
0.48 1034.16
0.482 1034.18
0.484 1034.2
0.486 1034.21
0.488 1034.23
0.49 1034.24
0.492 1034.25
0.494 1034.26
0.496 1034.27
0.498 1034.28
0.5 1034.29
0.502 1034.29
0.504 1034.3
0.506 1034.3
0.508 1034.31
0.51 1034.31
0.512 1034.31
0.514 1034.31
0.516 1034.31
0.518 1034.31
0.52 1034.3
0.522 1034.3
0.524 1034.29
0.526 1034.29
0.528 1034.28
0.53 1034.27
0.532 1034.26
0.534 1034.25
0.536 1034.24
0.538 1034.22
0.54 1034.21
0.542 1034.19
0.544 1034.17
0.546 1034.16
0.548 1034.14
0.55 1034.12
0.552 1034.09
0.554 1034.07
0.556 1034.05
0.558 1034.02
0.56 1034
0.562 1033.97
0.564 1033.94
0.566 1033.91
0.568 1033.88
0.57 1033.85
0.572 1033.82
0.574 1033.78
0.576 1033.75
0.578 1033.71
0.58 1033.68
0.582 1033.64
0.584 1033.6
0.586 1033.56
0.588 1033.51
0.59 1033.47
0.592 1033.43
0.594 1033.38
0.596 1033.34
0.598 1033.29
0.6 1033.24
0.602 1033.19
0.604 1033.14
0.606 1033.09
0.608 1033.03
0.61 1032.98
0.612 1032.92
0.614 1032.87
0.616 1032.81
0.618 1032.75
0.62 1032.69
0.622 1032.63
0.624 1032.57
0.626 1032.5
0.628 1032.44
0.63 1032.37
0.632 1032.3
0.634 1032.24
0.636 1032.17
0.638 1032.1
0.64 1032.03
0.642 1031.95
0.644 1031.88
0.646 1031.8
0.648 1031.73
0.65 1031.65
0.652 1031.57
0.654 1031.49
0.656 1031.41
0.658 1031.33
0.66 1031.25
0.662 1031.16
0.664 1031.08
0.666 1030.99
0.668 1030.9
0.67 1030.81
0.672 1030.72
0.674 1030.63
0.676 1030.54
0.678 1030.45
0.68 1030.35
0.682 1030.25
0.684 1030.16
0.686 1030.06
0.688 1029.96
0.69 1029.86
0.692 1029.76
0.694 1029.66
0.696 1029.55
0.698 1029.45
0.7 1029.34
0.702 1029.23
0.704 1029.12
0.706 1029.01
0.708 1028.9
0.71 1028.79
0.712 1028.68
0.714 1028.56
0.716 1028.45
0.718 1028.33
0.72 1028.21
0.722 1028.09
0.724 1027.97
0.726 1027.85
0.728 1027.73
0.73 1027.61
0.732 1027.48
0.734 1027.36
0.736 1027.23
0.738 1027.1
0.74 1026.97
0.742 1026.84
0.744 1026.71
0.746 1026.57
0.748 1026.44
0.75 1026.31
0.752 1026.17
0.754 1026.03
0.756 1025.89
0.758 1025.75
0.76 1025.61
0.762 1025.47
0.764 1025.32
0.766 1025.18
0.768 1025.03
0.77 1024.89
0.772 1024.74
0.774 1024.59
0.776 1024.44
0.778 1024.29
0.78 1024.13
0.782 1023.98
0.784 1023.82
0.786 1023.67
0.788 1023.51
0.79 1023.35
0.792 1023.19
0.794 1023.03
0.796 1022.87
0.798 1022.71
0.8 1022.54
0.802 1022.37
0.804 1022.21
0.806 1022.04
0.808 1021.87
0.81 1021.7
0.812 1021.53
0.814 1021.36
0.816 1021.18
0.818 1021.01
0.82 1020.83
0.822 1020.65
0.824 1020.47
0.826 1020.29
0.828 1020.11
0.83 1019.93
0.832 1019.75
0.834 1019.56
0.836 1019.38
0.838 1019.19
0.84 1019
0.842 1018.81
0.844 1018.62
0.846 1018.43
0.848 1018.24
0.85 1018.04
0.852 1017.85
0.854 1017.65
0.856 1017.45
0.858 1017.26
0.86 1017.06
0.862 1016.85
0.864 1016.65
0.866 1016.45
0.868 1016.24
0.87 1016.04
0.872 1015.83
0.874 1015.62
0.876 1015.41
0.878 1015.2
0.88 1014.99
0.882 1014.78
0.884 1014.57
0.886 1014.35
0.888 1014.13
0.89 1013.92
0.892 1013.7
0.894 1013.48
0.896 1013.26
0.898 1013.04
0.9 1012.81
0.902 1012.59
0.904 1012.36
0.906 1012.13
0.908 1011.91
0.91 1011.68
0.912 1011.45
0.914 1011.22
0.916 1010.98
0.918 1010.75
0.92 1010.51
0.922 1010.28
0.924 1010.04
0.926 1009.8
0.928 1009.56
0.93 1009.32
0.932 1009.08
0.934 1008.83
0.936 1008.59
0.938 1008.34
0.94 1008.1
0.942 1007.85
0.944 1007.6
0.946 1007.35
0.948 1007.1
0.95 1006.84
0.952 1006.59
0.954 1006.34
0.956 1006.08
0.958 1005.82
0.96 1005.56
0.962 1005.3
0.964 1005.04
0.966 1004.78
0.968 1004.52
0.97 1004.25
0.972 1003.99
0.974 1003.72
0.976 1003.45
0.978 1003.18
0.98 1002.91
0.982 1002.64
0.984 1002.37
0.986 1002.09
0.988 1001.82
0.99 1001.54
0.992 1001.26
0.994 1000.98
0.996 1000.71
0.998 1000.42
1 1000.14
1.002 999.858
