0 -0.282687
0.002 0.282687
0.004 0.848272
0.006 1.41406
0.008 1.98006
0.01 2.54627
0.012 3.11268
0.014 3.6793
0.016 4.24613
0.018 4.81316
0.02 5.38039
0.022 5.94783
0.024 6.51547
0.026 7.08332
0.028 7.65137
0.03 8.21962
0.032 8.78808
0.034 9.35674
0.036 9.9256
0.038 10.4947
0.04 11.0639
0.042 11.6334
0.044 12.203
0.046 12.7729
0.048 13.343
0.05 13.9132
0.052 14.4837
0.054 15.0543
0.056 15.6252
0.058 16.1962
0.06 16.7675
0.062 17.3389
0.064 17.9106
0.066 18.4824
0.068 19.0545
0.07 19.6267
0.072 20.1991
0.074 20.7717
0.076 21.3445
0.078 21.9175
0.08 22.4907
0.082 23.0641
0.084 23.6377
0.086 24.2115
0.088 24.7854
0.09 25.3596
0.092 25.9339
0.094 26.5084
0.096 27.0832
0.098 27.6581
0.1 28.2332
0.102 28.8085
0.104 29.3839
0.106 29.9596
0.108 30.5354
0.11 31.1115
0.112 31.6877
0.114 32.2641
0.116 32.8407
0.118 33.4175
0.12 33.9944
0.122 34.5716
0.124 35.1489
0.126 35.7264
0.128 36.3041
0.13 36.882
0.132 37.4601
0.134 38.0383
0.136 38.6167
0.138 39.1953
0.14 39.7741
0.142 40.3531
0.144 40.9322
0.146 41.5116
0.148 42.0911
0.15 42.6707
0.152 43.2506
0.154 43.8306
0.156 44.4108
0.158 44.9912
0.16 45.5718
0.162 46.1525
0.164 46.7334
0.166 47.3145
0.168 47.8958
0.17 48.4772
0.172 49.0588
0.174 49.6406
0.176 50.2226
0.178 50.8047
0.18 51.387
0.182 51.9695
0.184 52.5521
0.186 53.1349
0.188 53.7179
0.19 54.3011
0.192 54.8844
0.194 55.4679
0.196 56.0515
0.198 56.6354
0.2 57.2194
0.202 57.8035
0.204 58.3878
0.206 58.9723
0.208 59.557
0.21 60.1418
0.212 60.7268
0.214 61.312
0.216 61.8973
0.218 62.4828
0.22 63.0684
0.222 63.6542
0.224 64.2402
0.226 64.8263
0.228 65.4126
0.23 65.9991
0.232 66.5857
0.234 67.1725
0.236 67.7594
0.238 68.3465
0.24 68.9337
0.242 69.5211
0.244 70.1087
0.246 70.6964
0.248 71.2843
0.25 71.8724
0.252 72.4606
0.254 73.0489
0.256 73.6374
0.258 74.2261
0.26 74.8149
0.262 75.4039
0.264 75.993
0.266 76.5823
0.268 77.1717
0.27 77.7613
0.272 78.351
0.274 78.9409
0.276 79.5309
0.278 80.1211
0.28 80.7114
0.282 81.3019
0.284 81.8926
0.286 82.4833
0.288 83.0743
0.29 83.6654
0.292 84.2566
0.294 84.848
0.296 85.4395
0.298 86.0311
0.3 86.623
0.302 87.2149
0.304 87.807
0.306 88.3993
0.308 88.9917
0.31 89.5842
0.312 90.1769
0.314 90.7697
0.316 91.3627
0.318 91.9558
0.32 92.549
0.322 93.1424
0.324 93.7359
0.326 94.3296
0.328 94.9234
0.33 95.5173
0.332 96.1114
0.334 96.7056
0.336 97.3
0.338 97.8945
0.34 98.4891
0.342 99.0839
0.344 99.6788
0.346 100.274
0.348 100.869
0.35 101.464
0.352 102.06
0.354 102.655
0.356 103.251
0.358 103.847
0.36 104.443
0.362 105.039
0.364 105.635
0.366 106.232
0.368 106.828
0.37 107.425
0.372 108.022
0.374 108.618
0.376 109.215
0.378 109.813
0.38 110.41
0.382 111.007
0.384 111.605
0.386 112.202
0.388 112.8
0.39 113.398
0.392 113.996
0.394 114.594
0.396 115.193
0.398 115.791
0.4 116.39
0.402 116.988
0.404 117.587
0.406 118.186
0.408 118.785
0.41 119.384
0.412 119.983
0.414 120.583
0.416 121.182
0.418 121.782
0.42 122.382
0.422 122.982
0.424 123.582
0.426 124.182
0.428 124.782
0.43 125.382
0.432 125.983
0.434 126.583
0.436 127.184
0.438 127.785
0.44 128.386
0.442 128.987
0.444 129.588
0.446 130.189
0.448 130.79
0.45 131.392
0.452 131.994
0.454 132.595
0.456 133.197
0.458 133.799
0.46 134.401
0.462 135.003
0.464 135.605
0.466 136.208
0.468 136.81
0.47 137.413
0.472 138.016
0.474 138.618
0.476 139.221
0.478 139.824
0.48 140.427
0.482 141.031
0.484 141.634
0.486 142.237
0.488 142.841
0.49 143.445
0.492 144.048
0.494 144.652
0.496 145.256
0.498 145.86
0.5 146.464
0.502 147.069
0.504 147.673
0.506 148.278
0.508 148.882
0.51 149.487
0.512 150.092
0.514 150.696
0.516 151.301
0.518 151.906
0.52 152.512
0.522 153.117
0.524 153.722
0.526 154.328
0.528 154.933
0.53 155.539
0.532 156.145
0.534 156.75
0.536 157.356
0.538 157.962
0.54 158.569
0.542 159.175
0.544 159.781
0.546 160.387
0.548 160.994
0.55 161.601
0.552 162.207
0.554 162.814
0.556 163.421
0.558 164.028
0.56 164.635
0.562 165.242
0.564 165.849
0.566 166.456
0.568 167.064
0.57 167.671
0.572 168.279
0.574 168.886
0.576 169.494
0.578 170.102
0.58 170.71
0.582 171.318
0.584 171.926
0.586 172.534
0.588 173.142
0.59 173.751
0.592 174.359
0.594 174.968
0.596 175.576
0.598 176.185
0.6 176.794
0.602 177.402
0.604 178.011
0.606 178.62
0.608 179.229
0.61 179.838
0.612 180.448
0.614 181.057
0.616 181.666
0.618 182.276
0.62 182.885
0.622 183.495
0.624 184.104
0.626 184.714
0.628 185.324
0.63 185.934
0.632 186.544
0.634 187.154
0.636 187.764
0.638 188.374
0.64 188.985
0.642 189.595
0.644 190.205
0.646 190.816
0.648 191.426
0.65 192.037
0.652 192.648
0.654 193.259
0.656 193.869
0.658 194.48
0.66 195.091
0.662 195.702
0.664 196.313
0.666 196.925
0.668 197.536
0.67 198.147
0.672 198.759
0.674 199.37
0.676 199.982
0.678 200.593
0.68 201.205
0.682 201.817
0.684 202.428
0.686 203.04
0.688 203.652
0.69 204.264
0.692 204.876
0.694 205.488
0.696 206.1
0.698 206.713
0.7 207.325
0.702 207.937
0.704 208.55
0.706 209.162
0.708 209.775
0.71 210.387
0.712 211
0.714 211.613
0.716 212.226
0.718 212.838
0.72 213.451
0.722 214.064
0.724 214.677
0.726 215.29
0.728 215.903
0.73 216.517
0.732 217.13
0.734 217.743
0.736 218.356
0.738 218.97
0.74 219.583
0.742 220.197
0.744 220.81
0.746 221.424
0.748 222.038
0.75 222.651
0.752 223.265
0.754 223.879
0.756 224.493
0.758 225.107
0.76 225.721
0.762 226.335
0.764 226.949
0.766 227.563
0.768 228.177
0.77 228.792
0.772 229.406
0.774 230.02
0.776 230.635
0.778 231.249
0.78 231.864
0.782 232.478
0.784 233.093
0.786 233.707
0.788 234.322
0.79 234.937
0.792 235.552
0.794 236.166
0.796 236.781
0.798 237.396
0.8 238.011
0.802 238.626
0.804 239.241
0.806 239.856
0.808 240.471
0.81 241.087
0.812 241.702
0.814 242.317
0.816 242.932
0.818 243.548
0.82 244.163
0.822 244.778
0.824 245.394
0.826 246.009
0.828 246.625
0.83 247.241
0.832 247.856
0.834 248.472
0.836 249.088
0.838 249.703
0.84 250.319
0.842 250.935
0.844 251.551
0.846 252.167
0.848 252.783
0.85 253.399
0.852 254.015
0.854 254.631
0.856 255.247
0.858 255.863
0.86 256.479
0.862 257.096
0.864 257.712
0.866 258.328
0.868 258.944
0.87 259.561
0.872 260.177
0.874 260.794
0.876 261.41
0.878 262.027
0.88 262.643
0.882 263.26
0.884 263.876
0.886 264.493
0.888 265.11
0.89 265.726
0.892 266.343
0.894 266.96
0.896 267.577
0.898 268.194
0.9 268.81
0.902 269.427
0.904 270.044
0.906 270.661
0.908 271.278
0.91 271.895
0.912 272.512
0.914 273.129
0.916 273.746
0.918 274.364
0.92 274.981
0.922 275.598
0.924 276.215
0.926 276.833
0.928 277.45
0.93 278.067
0.932 278.685
0.934 279.302
0.936 279.919
0.938 280.537
0.94 281.154
0.942 281.772
0.944 282.389
0.946 283.007
0.948 283.624
0.95 284.242
0.952 284.86
0.954 285.477
0.956 286.095
0.958 286.713
0.96 287.33
0.962 287.948
0.964 288.566
0.966 289.184
0.968 289.802
0.97 290.42
0.972 291.038
0.974 291.655
0.976 292.273
0.978 292.891
0.98 293.509
0.982 294.127
0.984 294.745
0.986 295.364
0.988 295.982
0.99 296.6
0.992 297.218
0.994 297.836
0.996 298.454
0.998 299.073
1 299.691
1.002 300.309
