0 2.09542e-05
0.002 -2.09542e-05
0.004 -6.47523e-05
0.006 -0.000111113
0.008 -0.000158321
0.01 -0.000205703
0.012 -0.000252969
0.014 -0.000299993
0.016 -0.00034672
0.018 -0.00039313
0.02 -0.000439211
0.022 -0.00048496
0.024 -0.000530376
0.026 -0.000575459
0.028 -0.000620208
0.03 -0.000664625
0.032 -0.000708709
0.034 -0.000752461
0.036 -0.000795881
0.038 -0.000838971
0.04 -0.000881732
0.042 -0.000924162
0.044 -0.000966264
0.046 -0.00100804
0.048 -0.00104948
0.05 -0.0010906
0.052 -0.0011314
0.054 -0.00117187
0.056 -0.00121201
0.058 -0.00125183
0.06 -0.00129133
0.062 -0.0013305
0.064 -0.00136936
0.066 -0.00140789
0.068 -0.0014461
0.07 -0.00148399
0.072 -0.00152157
0.074 -0.00155883
0.076 -0.00159577
0.078 -0.0016324
0.08 -0.00166871
0.082 -0.00170471
0.084 -0.00174039
0.086 -0.00177576
0.088 -0.00181082
0.09 -0.00184557
0.092 -0.00188002
0.094 -0.00191415
0.096 -0.00194797
0.098 -0.00198149
0.1 -0.0020147
0.102 -0.00204761
0.104 -0.00208022
0.106 -0.00211252
0.108 -0.00214451
0.11 -0.00217621
0.112 -0.00220761
0.114 -0.0022387
0.116 -0.0022695
0.118 -0.0023
0.12 -0.00233021
0.122 -0.00236012
0.124 -0.00238973
0.126 -0.00241905
0.128 -0.00244808
0.13 -0.00247682
0.132 -0.00250526
0.134 -0.00253342
0.136 -0.00256128
0.138 -0.00258886
0.14 -0.00261615
0.142 -0.00264315
0.144 -0.00266987
0.146 -0.0026963
0.148 -0.00272245
0.15 -0.00274832
0.152 -0.00277391
0.154 -0.00279921
0.156 -0.00282424
0.158 -0.00284898
0.16 -0.00287345
0.162 -0.00289764
0.164 -0.00292156
0.166 -0.0029452
0.168 -0.00296856
0.17 -0.00299165
0.172 -0.00301447
0.174 -0.00303702
0.176 -0.0030593
0.178 -0.0030813
0.18 -0.00310304
0.182 -0.00312451
0.184 -0.00314572
0.186 -0.00316665
0.188 -0.00318732
0.19 -0.00320773
0.192 -0.00322787
0.194 -0.00324776
0.196 -0.00326737
0.198 -0.00328673
0.2 -0.00330583
0.202 -0.00332467
0.204 -0.00334325
0.206 -0.00336158
0.208 -0.00337964
0.21 -0.00339746
0.212 -0.00341501
0.214 -0.00343232
0.216 -0.00344937
0.218 -0.00346617
0.22 -0.00348272
0.222 -0.00349902
0.224 -0.00351506
0.226 -0.00353087
0.228 -0.00354642
0.23 -0.00356173
0.232 -0.00357679
0.234 -0.0035916
0.236 -0.00360618
0.238 -0.0036205
0.24 -0.00363459
0.242 -0.00364844
0.244 -0.00366204
0.246 -0.00367541
0.248 -0.00368854
0.25 -0.00370143
0.252 -0.00371408
0.254 -0.0037265
0.256 -0.00373868
0.258 -0.00375063
0.26 -0.00376234
0.262 -0.00377382
0.264 -0.00378507
0.266 -0.00379609
0.268 -0.00380688
0.27 -0.00381744
0.272 -0.00382778
0.274 -0.00383788
0.276 -0.00384776
0.278 -0.00385742
0.28 -0.00386684
0.282 -0.00387605
0.284 -0.00388503
0.286 -0.00389379
0.288 -0.00390234
0.29 -0.00391066
0.292 -0.00391876
0.294 -0.00392664
0.296 -0.0039343
0.298 -0.00394175
0.3 -0.00394899
0.302 -0.003956
0.304 -0.00396281
0.306 -0.0039694
0.308 -0.00397578
0.31 -0.00398194
0.312 -0.0039879
0.314 -0.00399365
0.316 -0.00399919
0.318 -0.00400452
0.32 -0.00400964
0.322 -0.00401456
0.324 -0.00401927
0.326 -0.00402378
0.328 -0.00402809
0.33 -0.00403219
0.332 -0.00403609
0.334 -0.00403979
0.336 -0.00404329
0.338 -0.00404659
0.34 -0.0040497
0.342 -0.0040526
0.344 -0.00405531
0.346 -0.00405783
0.348 -0.00406015
0.35 -0.00406227
0.352 -0.00406421
0.354 -0.00406595
0.356 -0.0040675
0.358 -0.00406886
0.36 -0.00407003
0.362 -0.00407101
0.364 -0.00407181
0.366 -0.00407242
0.368 -0.00407284
0.37 -0.00407308
0.372 -0.00407313
0.374 -0.004073
0.376 -0.00407269
0.378 -0.0040722
0.38 -0.00407153
0.382 -0.00407068
0.384 -0.00406965
0.386 -0.00406844
0.388 -0.00406705
0.39 -0.00406549
0.392 -0.00406376
0.394 -0.00406185
0.396 -0.00405976
0.398 -0.00405751
0.4 -0.00405508
0.402 -0.00405248
0.404 -0.00404972
0.406 -0.00404678
0.408 -0.00404368
0.41 -0.0040404
0.412 -0.00403697
0.414 -0.00403336
0.416 -0.0040296
0.418 -0.00402567
0.42 -0.00402158
0.422 -0.00401732
0.424 -0.00401291
0.426 -0.00400833
0.428 -0.0040036
0.43 -0.00399871
0.432 -0.00399366
0.434 -0.00398845
0.436 -0.00398309
0.438 -0.00397758
0.44 -0.00397191
0.442 -0.00396609
0.444 -0.00396012
0.446 -0.003954
0.448 -0.00394772
0.45 -0.0039413
0.452 -0.00393473
0.454 -0.00392802
0.456 -0.00392115
0.458 -0.00391414
0.46 -0.00390699
0.462 -0.00389969
0.464 -0.00389226
0.466 -0.00388468
0.468 -0.00387695
0.47 -0.00386909
0.472 -0.00386109
0.474 -0.00385295
0.476 -0.00384468
0.478 -0.00383627
0.48 -0.00382772
0.482 -0.00381904
0.484 -0.00381023
0.486 -0.00380128
0.488 -0.0037922
0.49 -0.00378299
0.492 -0.00377365
0.494 -0.00376418
0.496 -0.00375459
0.498 -0.00374487
0.5 -0.00373502
0.502 -0.00372504
0.504 -0.00371495
0.506 -0.00370473
0.508 -0.00369438
0.51 -0.00368392
0.512 -0.00367333
0.514 -0.00366263
0.516 -0.0036518
0.518 -0.00364086
0.52 -0.0036298
0.522 -0.00361863
0.524 -0.00360734
0.526 -0.00359594
0.528 -0.00358443
0.53 -0.0035728
0.532 -0.00356106
0.534 -0.00354921
0.536 -0.00353725
0.538 -0.00352519
0.54 -0.00351302
0.542 -0.00350074
0.544 -0.00348835
0.546 -0.00347586
0.548 -0.00346327
0.55 -0.00345057
0.552 -0.00343778
0.554 -0.00342488
0.556 -0.00341188
0.558 -0.00339879
0.56 -0.00338559
0.562 -0.0033723
0.564 -0.00335892
0.566 -0.00334544
0.568 -0.00333186
0.57 -0.00331819
0.572 -0.00330443
0.574 -0.00329058
0.576 -0.00327664
0.578 -0.00326261
0.58 -0.00324849
0.582 -0.00323429
0.584 -0.00322
0.586 -0.00320562
0.588 -0.00319116
0.59 -0.00317662
0.592 -0.00316199
0.594 -0.00314728
0.596 -0.0031325
0.598 -0.00311763
0.6 -0.00310268
0.602 -0.00308766
0.604 -0.00307256
0.606 -0.00305739
0.608 -0.00304214
0.61 -0.00302682
0.612 -0.00301142
0.614 -0.00299596
0.616 -0.00298042
0.618 -0.00296482
0.62 -0.00294914
0.622 -0.0029334
0.624 -0.00291759
0.626 -0.00290172
0.628 -0.00288578
0.63 -0.00286978
0.632 -0.00285372
0.634 -0.0028376
0.636 -0.00282141
0.638 -0.00280517
0.64 -0.00278887
0.642 -0.00277251
0.644 -0.00275609
0.646 -0.00273962
0.648 -0.0027231
0.65 -0.00270652
0.652 -0.00268989
0.654 -0.00267321
0.656 -0.00265648
0.658 -0.0026397
0.66 -0.00262287
0.662 -0.002606
0.664 -0.00258907
0.666 -0.00257211
0.668 -0.0025551
0.67 -0.00253805
0.672 -0.00252095
0.674 -0.00250382
0.676 -0.00248665
0.678 -0.00246943
0.68 -0.00245218
0.682 -0.0024349
0.684 -0.00241757
0.686 -0.00240022
0.688 -0.00238283
0.69 -0.00236541
0.692 -0.00234795
0.694 -0.00233047
0.696 -0.00231296
0.698 -0.00229542
0.7 -0.00227785
0.702 -0.00226026
0.704 -0.00224264
0.706 -0.002225
0.708 -0.00220734
0.71 -0.00218966
0.712 -0.00217195
0.714 -0.00215423
0.716 -0.00213649
0.718 -0.00211873
0.72 -0.00210095
0.722 -0.00208316
0.724 -0.00206536
0.726 -0.00204754
0.728 -0.00202972
0.73 -0.00201188
0.732 -0.00199403
0.734 -0.00197618
0.736 -0.00195832
0.738 -0.00194045
0.74 -0.00192258
0.742 -0.0019047
0.744 -0.00188683
0.746 -0.00186895
0.748 -0.00185107
0.75 -0.00183319
0.752 -0.00181531
0.754 -0.00179744
0.756 -0.00177957
0.758 -0.00176171
0.76 -0.00174385
0.762 -0.001726
0.764 -0.00170816
0.766 -0.00169034
0.768 -0.00167252
0.77 -0.00165471
0.772 -0.00163692
0.774 -0.00161915
0.776 -0.00160139
0.778 -0.00158364
0.78 -0.00156592
0.782 -0.00154821
0.784 -0.00153053
0.786 -0.00151287
0.788 -0.00149523
0.79 -0.00147762
0.792 -0.00146003
0.794 -0.00144247
0.796 -0.00142493
0.798 -0.00140743
0.8 -0.00138996
0.802 -0.00137251
0.804 -0.00135511
0.806 -0.00133773
0.808 -0.00132039
0.81 -0.00130309
0.812 -0.00128582
0.814 -0.0012686
0.816 -0.00125141
0.818 -0.00123427
0.82 -0.00121717
0.822 -0.00120011
0.824 -0.0011831
0.826 -0.00116613
0.828 -0.00114921
0.83 -0.00113234
0.832 -0.00111552
0.834 -0.00109876
0.836 -0.00108204
0.838 -0.00106538
0.84 -0.00104878
0.842 -0.00103223
0.844 -0.00101574
0.846 -0.000999303
0.848 -0.000982931
0.85 -0.00096662
0.852 -0.000950372
0.854 -0.000934188
0.856 -0.00091807
0.858 -0.000902018
0.86 -0.000886034
0.862 -0.000870119
0.864 -0.000854275
0.866 -0.000838503
0.868 -0.000822803
0.87 -0.000807178
0.872 -0.000791629
0.874 -0.000776157
0.876 -0.000760762
0.878 -0.000745448
0.88 -0.000730214
0.882 -0.000715063
0.884 -0.000699995
0.886 -0.000685013
0.888 -0.000670116
0.89 -0.000655307
0.892 -0.000640587
0.894 -0.000625958
0.896 -0.00061142
0.898 -0.000596976
0.9 -0.000582626
0.902 -0.000568372
0.904 -0.000554215
0.906 -0.000540157
0.908 -0.0005262
0.91 -0.000512344
0.912 -0.000498592
0.914 -0.000484944
0.916 -0.000471403
0.918 -0.00045797
0.92 -0.000444646
0.922 -0.000431433
0.924 -0.000418333
0.926 -0.000405347
0.928 -0.000392477
0.93 -0.000379725
0.932 -0.000367092
0.934 -0.00035458
0.936 -0.000342191
0.938 -0.000329927
0.94 -0.00031779
0.942 -0.000305781
0.944 -0.000293903
0.946 -0.000282157
0.948 -0.000270546
0.95 -0.000259071
0.952 -0.000247735
0.954 -0.00023654
0.956 -0.000225487
0.958 -0.00021458
0.96 -0.000203821
0.962 -0.000193212
0.964 -0.000182755
0.966 -0.000172453
0.968 -0.000162309
0.97 -0.000152325
0.972 -0.000142503
0.974 -0.000132846
0.976 -0.000123358
0.978 -0.00011404
0.98 -0.000104895
0.982 -9.59248e-05
0.984 -8.71285e-05
0.986 -7.8502e-05
0.988 -7.00315e-05
0.99 -6.16808e-05
0.992 -5.33623e-05
0.994 -4.48702e-05
0.996 -3.57256e-05
0.998 -2.48268e-05
1 -9.36348e-06
1.002 9.36348e-06
