0 0.00171326
0.005 0.00171212
0.01 0.001711
0.015 0.00170989
0.02 0.0017088
0.025 0.00170771
0.03 0.00170663
0.035 0.00170556
0.04 0.00170451
0.045 0.00170346
0.05 0.00170243
0.055 0.0017014
0.06 0.00170039
0.065 0.00169939
0.07 0.0016984
0.075 0.00169742
0.08 0.00169645
0.085 0.00169549
0.09 0.00169454
0.095 0.0016936
0.1 0.00169267
0.105 0.00169176
0.11 0.00169085
0.115 0.00168996
0.12 0.00168907
0.125 0.0016882
0.13 0.00168734
0.135 0.00168649
0.14 0.00168565
0.145 0.00168482
0.15 0.001684
0.155 0.00168319
0.16 0.00168239
0.165 0.00168161
0.17 0.00168083
0.175 0.00168007
0.18 0.00167931
0.185 0.00167857
0.19 0.00167784
0.195 0.00167712
0.2 0.00167641
0.205 0.00167571
0.21 0.00167502
0.215 0.00167434
0.22 0.00167368
0.225 0.00167302
0.23 0.00167238
0.235 0.00167174
0.24 0.00167112
0.245 0.00167051
0.25 0.00166991
0.255 0.00166932
0.26 0.00166874
0.265 0.00166817
0.27 0.00166761
0.275 0.00166707
0.28 0.00166653
0.285 0.00166601
0.29 0.0016655
0.295 0.00166499
0.3 0.0016645
0.305 0.00166402
0.31 0.00166355
0.315 0.0016631
0.32 0.00166265
0.325 0.00166221
0.33 0.00166179
0.335 0.00166138
0.34 0.00166097
0.345 0.00166058
0.35 0.0016602
0.355 0.00165983
0.36 0.00165948
0.365 0.00165913
0.37 0.00165879
0.375 0.00165847
0.38 0.00165816
0.385 0.00165786
0.39 0.00165757
0.395 0.00165729
0.4 0.00165702
0.405 0.00165676
0.41 0.00165652
0.415 0.00165628
0.42 0.00165606
0.425 0.00165585
0.43 0.00165565
0.435 0.00165546
0.44 0.00165528
0.445 0.00165511
0.45 0.00165496
0.455 0.00165481
0.46 0.00165468
0.465 0.00165456
0.47 0.00165445
0.475 0.00165435
0.48 0.00165427
0.485 0.00165419
0.49 0.00165413
0.495 0.00165408
0.5 0.00165404
0.505 0.00165401
0.51 0.00165399
0.515 0.00165398
0.52 0.00165399
0.525 0.00165401
0.53 0.00165404
0.535 0.00165408
0.54 0.00165413
0.545 0.00165419
0.55 0.00165427
0.555 0.00165436
0.56 0.00165445
0.565 0.00165456
0.57 0.00165469
0.575 0.00165482
0.58 0.00165497
0.585 0.00165513
0.59 0.00165529
0.595 0.00165548
0.6 0.00165567
0.605 0.00165588
0.61 0.00165609
0.615 0.00165632
0.62 0.00165656
0.625 0.00165682
0.63 0.00165708
0.635 0.00165736
0.64 0.00165765
0.645 0.00165795
0.65 0.00165826
0.655 0.00165859
0.66 0.00165893
0.665 0.00165928
0.67 0.00165964
0.675 0.00166001
0.68 0.0016604
0.685 0.0016608
0.69 0.00166121
0.695 0.00166163
0.7 0.00166207
0.705 0.00166252
0.71 0.00166298
0.715 0.00166345
0.72 0.00166393
0.725 0.00166443
0.73 0.00166494
0.735 0.00166547
0.74 0.001666
0.745 0.00166655
0.75 0.00166711
0.755 0.00166768
0.76 0.00166827
0.765 0.00166887
0.77 0.00166948
0.775 0.00167011
0.78 0.00167074
0.785 0.00167139
0.79 0.00167206
0.795 0.00167273
0.8 0.00167342
0.805 0.00167412
0.81 0.00167484
0.815 0.00167557
0.82 0.00167631
0.825 0.00167706
0.83 0.00167783
0.835 0.00167861
0.84 0.00167941
0.845 0.00168021
0.85 0.00168103
0.855 0.00168187
0.86 0.00168272
0.865 0.00168358
0.87 0.00168445
0.875 0.00168534
0.88 0.00168624
0.885 0.00168716
0.89 0.00168808
0.895 0.00168903
0.9 0.00168998
0.905 0.00169095
0.91 0.00169194
0.915 0.00169293
0.92 0.00169395
0.925 0.00169497
0.93 0.00169601
0.935 0.00169707
0.94 0.00169813
0.945 0.00169922
0.95 0.00170031
0.955 0.00170142
0.96 0.00170255
0.965 0.00170369
0.97 0.00170484
0.975 0.00170601
0.98 0.00170719
0.985 0.00170839
0.99 0.0017096
0.995 0.00171082
1 0.00171206
1.005 0.00171332
