0 356.466
0.005 356.466
0.01 356.466
0.015 356.466
0.02 356.466
0.025 356.466
0.03 356.466
0.035 356.466
0.04 356.466
0.045 356.466
0.05 356.466
0.055 356.466
0.06 356.466
0.065 356.466
0.07 356.466
0.075 356.466
0.08 356.466
0.085 356.466
0.09 356.466
0.095 356.466
0.1 356.466
0.105 356.466
0.11 356.466
0.115 356.466
0.12 356.466
0.125 356.466
0.13 356.466
0.135 356.466
0.14 356.466
0.145 356.466
0.15 356.466
0.155 356.466
0.16 356.466
0.165 356.466
0.17 356.466
0.175 356.466
0.18 356.466
0.185 356.466
0.19 356.466
0.195 356.466
0.2 356.466
0.205 356.466
0.21 356.466
0.215 356.466
0.22 356.466
0.225 356.466
0.23 356.466
0.235 356.466
0.24 356.466
0.245 356.466
0.25 356.466
0.255 356.466
0.26 356.466
0.265 356.466
0.27 356.466
0.275 356.466
0.28 356.466
0.285 356.466
0.29 356.466
0.295 356.466
0.3 356.466
0.305 356.466
0.31 356.466
0.315 356.466
0.32 356.466
0.325 356.466
0.33 356.466
0.335 356.466
0.34 356.466
0.345 356.466
0.35 356.466
0.355 356.466
0.36 356.466
0.365 356.466
0.37 356.466
0.375 356.466
0.38 356.466
0.385 356.466
0.39 356.466
0.395 356.466
0.4 356.466
0.405 356.466
0.41 356.466
0.415 356.466
0.42 356.466
0.425 356.466
0.43 356.466
0.435 356.466
0.44 356.466
0.445 356.466
0.45 356.466
0.455 356.466
0.46 356.466
0.465 356.466
0.47 356.466
0.475 356.466
0.48 356.466
0.485 356.466
0.49 356.466
0.495 356.466
0.5 356.466
0.505 356.466
0.51 356.466
0.515 356.466
0.52 356.466
0.525 356.466
0.53 356.466
0.535 356.466
0.54 356.466
0.545 356.466
0.55 356.466
0.555 356.466
0.56 356.466
0.565 356.466
0.57 356.466
0.575 356.466
0.58 356.466
0.585 356.466
0.59 356.466
0.595 356.466
0.6 356.466
0.605 356.466
0.61 356.466
0.615 356.466
0.62 356.466
0.625 356.466
0.63 356.466
0.635 356.466
0.64 356.466
0.645 356.466
0.65 356.466
0.655 356.466
0.66 356.466
0.665 356.466
0.67 356.466
0.675 356.466
0.68 356.466
0.685 356.466
0.69 356.466
0.695 356.466
0.7 356.466
0.705 356.466
0.71 356.466
0.715 356.466
0.72 356.466
0.725 356.466
0.73 356.466
0.735 356.466
0.74 356.466
0.745 356.466
0.75 356.466
0.755 356.466
0.76 356.466
0.765 356.466
0.77 356.466
0.775 356.466
0.78 356.466
0.785 356.466
0.79 356.466
0.795 356.466
0.8 356.466
0.805 356.466
0.81 356.466
0.815 356.466
0.82 356.466
0.825 356.466
0.83 356.466
0.835 356.466
0.84 356.466
0.845 356.466
0.85 356.466
0.855 356.466
0.86 356.466
0.865 356.466
0.87 356.466
0.875 356.466
0.88 356.466
0.885 356.466
0.89 356.466
0.895 356.466
0.9 356.466
0.905 356.466
0.91 356.466
0.915 356.466
0.92 356.466
0.925 356.466
0.93 356.466
0.935 356.466
0.94 356.466
0.945 356.466
0.95 356.466
0.955 356.466
0.96 356.466
0.965 356.466
0.97 356.466
0.975 356.466
0.98 356.466
0.985 356.466
0.99 356.466
0.995 356.466
1 356.466
1.005 356.466
