0 999.67
0.005 1000.33
0.01 1000.99
0.015 1001.64
0.02 1002.28
0.025 1002.92
0.03 1003.55
0.035 1004.18
0.04 1004.8
0.045 1005.42
0.05 1006.03
0.055 1006.63
0.06 1007.23
0.065 1007.83
0.07 1008.42
0.075 1009
0.08 1009.58
0.085 1010.15
0.09 1010.71
0.095 1011.27
0.1 1011.83
0.105 1012.37
0.11 1012.92
0.115 1013.45
0.12 1013.98
0.125 1014.51
0.13 1015.03
0.135 1015.54
0.14 1016.04
0.145 1016.54
0.15 1017.04
0.155 1017.53
0.16 1018.01
0.165 1018.49
0.17 1018.95
0.175 1019.42
0.18 1019.88
0.185 1020.33
0.19 1020.77
0.195 1021.21
0.2 1021.64
0.205 1022.07
0.21 1022.49
0.215 1022.9
0.22 1023.31
0.225 1023.71
0.23 1024.11
0.235 1024.5
0.24 1024.88
0.245 1025.25
0.25 1025.62
0.255 1025.98
0.26 1026.34
0.265 1026.69
0.27 1027.03
0.275 1027.37
0.28 1027.7
0.285 1028.02
0.29 1028.34
0.295 1028.65
0.3 1028.95
0.305 1029.25
0.31 1029.54
0.315 1029.82
0.32 1030.1
0.325 1030.37
0.33 1030.63
0.335 1030.89
0.34 1031.14
0.345 1031.38
0.35 1031.62
0.355 1031.84
0.36 1032.07
0.365 1032.28
0.37 1032.49
0.375 1032.69
0.38 1032.89
0.385 1033.08
0.39 1033.26
0.395 1033.43
0.4 1033.6
0.405 1033.76
0.41 1033.91
0.415 1034.06
0.42 1034.2
0.425 1034.33
0.43 1034.46
0.435 1034.57
0.44 1034.68
0.445 1034.79
0.45 1034.89
0.455 1034.98
0.46 1035.06
0.465 1035.13
0.47 1035.2
0.475 1035.26
0.48 1035.32
0.485 1035.36
0.49 1035.4
0.495 1035.44
0.5 1035.46
0.505 1035.48
0.51 1035.49
0.515 1035.49
0.52 1035.49
0.525 1035.48
0.53 1035.46
0.535 1035.44
0.54 1035.4
0.545 1035.36
0.55 1035.32
0.555 1035.26
0.56 1035.2
0.565 1035.13
0.57 1035.05
0.575 1034.97
0.58 1034.88
0.585 1034.78
0.59 1034.67
0.595 1034.56
0.6 1034.44
0.605 1034.31
0.61 1034.18
0.615 1034.03
0.62 1033.88
0.625 1033.73
0.63 1033.56
0.635 1033.39
0.64 1033.21
0.645 1033.02
0.65 1032.82
0.655 1032.62
0.66 1032.41
0.665 1032.19
0.67 1031.97
0.675 1031.74
0.68 1031.49
0.685 1031.25
0.69 1030.99
0.695 1030.73
0.7 1030.46
0.705 1030.18
0.71 1029.9
0.715 1029.6
0.72 1029.3
0.725 1028.99
0.73 1028.68
0.735 1028.36
0.74 1028.03
0.745 1027.69
0.75 1027.34
0.755 1026.99
0.76 1026.63
0.765 1026.26
0.77 1025.88
0.775 1025.5
0.78 1025.11
0.785 1024.71
0.79 1024.3
0.795 1023.89
0.8 1023.47
0.805 1023.04
0.81 1022.6
0.815 1022.16
0.82 1021.7
0.825 1021.24
0.83 1020.78
0.835 1020.3
0.84 1019.82
0.845 1019.33
0.85 1018.83
0.855 1018.33
0.86 1017.81
0.865 1017.29
0.87 1016.77
0.875 1016.23
0.88 1015.69
0.885 1015.14
0.89 1014.58
0.895 1014.01
0.9 1013.44
0.905 1012.86
0.91 1012.27
0.915 1011.67
0.92 1011.07
0.925 1010.45
0.93 1009.83
0.935 1009.21
0.94 1008.57
0.945 1007.93
0.95 1007.28
0.955 1006.62
0.96 1005.96
0.965 1005.29
0.97 1004.61
0.975 1003.92
0.98 1003.22
0.985 1002.52
0.99 1001.81
0.995 1001.09
1 1000.37
1.005 999.633
