0 0.000164689
0.005 -0.000164689
0.01 -0.000496935
0.015 -0.000831145
0.02 -0.00116243
0.025 -0.00148875
0.03 -0.00180929
0.035 -0.00212369
0.04 -0.00243185
0.045 -0.00273375
0.05 -0.0030294
0.055 -0.00331885
0.06 -0.00360212
0.065 -0.00387927
0.07 -0.00415035
0.075 -0.0044154
0.08 -0.00467447
0.085 -0.00492762
0.09 -0.00517487
0.095 -0.0054163
0.1 -0.00565193
0.105 -0.00588182
0.11 -0.00610603
0.115 -0.00632458
0.12 -0.00653754
0.125 -0.00674494
0.13 -0.00694685
0.135 -0.00714329
0.14 -0.00733432
0.145 -0.00752
0.15 -0.00770035
0.155 -0.00787544
0.16 -0.0080453
0.165 -0.00820998
0.17 -0.00836954
0.175 -0.00852401
0.18 -0.00867344
0.185 -0.00881789
0.19 -0.00895739
0.195 -0.00909199
0.2 -0.00922174
0.205 -0.00934668
0.21 -0.00946686
0.215 -0.00958233
0.22 -0.00969313
0.225 -0.00979931
0.23 -0.00990091
0.235 -0.00999798
0.24 -0.0100906
0.245 -0.0101787
0.25 -0.0102625
0.255 -0.0103419
0.26 -0.010417
0.265 -0.0104878
0.27 -0.0105545
0.275 -0.010617
0.28 -0.0106753
0.285 -0.0107296
0.29 -0.0107799
0.295 -0.0108261
0.3 -0.0108685
0.305 -0.0109069
0.31 -0.0109415
0.315 -0.0109723
0.32 -0.0109994
0.325 -0.0110227
0.33 -0.0110424
0.335 -0.0110584
0.34 -0.0110709
0.345 -0.0110799
0.35 -0.0110854
0.355 -0.0110874
0.36 -0.0110861
0.365 -0.0110814
0.37 -0.0110734
0.375 -0.0110621
0.38 -0.0110477
0.385 -0.01103
0.39 -0.0110093
0.395 -0.0109855
0.4 -0.0109587
0.405 -0.0109288
0.41 -0.0108961
0.415 -0.0108605
0.42 -0.010822
0.425 -0.0107807
0.43 -0.0107367
0.435 -0.01069
0.44 -0.0106406
0.445 -0.0105886
0.45 -0.010534
0.455 -0.0104769
0.46 -0.0104173
0.465 -0.0103553
0.47 -0.010291
0.475 -0.0102243
0.48 -0.0101553
0.485 -0.010084
0.49 -0.0100106
0.495 -0.00993497
0.5 -0.00985728
0.505 -0.00977752
0.51 -0.00969576
0.515 -0.00961203
0.52 -0.00952639
0.525 -0.00943887
0.53 -0.00934954
0.535 -0.00925842
0.54 -0.00916558
0.545 -0.00907106
0.55 -0.00897491
0.555 -0.00887717
0.56 -0.00877789
0.565 -0.00867712
0.57 -0.00857491
0.575 -0.0084713
0.58 -0.00836634
0.585 -0.00826009
0.59 -0.00815258
0.595 -0.00804388
0.6 -0.00793402
0.605 -0.00782305
0.61 -0.00771103
0.615 -0.007598
0.62 -0.00748401
0.625 -0.00736911
0.63 -0.00725335
0.635 -0.00713679
0.64 -0.00701946
0.645 -0.00690141
0.65 -0.00678271
0.655 -0.0066634
0.66 -0.00654352
0.665 -0.00642314
0.67 -0.00630229
0.675 -0.00618103
0.68 -0.00605942
0.685 -0.0059375
0.69 -0.00581532
0.695 -0.00569293
0.7 -0.0055704
0.705 -0.00544776
0.71 -0.00532508
0.715 -0.00520239
0.72 -0.00507977
0.725 -0.00495725
0.73 -0.00483489
0.735 -0.00471275
0.74 -0.00459088
0.745 -0.00446933
0.75 -0.00434816
0.755 -0.00422742
0.76 -0.00410716
0.765 -0.00398744
0.77 -0.00386832
0.775 -0.00374985
0.78 -0.00363209
0.785 -0.00351508
0.79 -0.0033989
0.795 -0.00328359
0.8 -0.00316922
0.805 -0.00305583
0.81 -0.0029435
0.815 -0.00283226
0.82 -0.0027222
0.825 -0.00261335
0.83 -0.00250579
0.835 -0.00239957
0.84 -0.00229475
0.845 -0.00219139
0.85 -0.00208956
0.855 -0.0019893
0.86 -0.0018907
0.865 -0.0017938
0.87 -0.00169868
0.875 -0.00160538
0.88 -0.00151399
0.885 -0.00142455
0.89 -0.00133714
0.895 -0.00125183
0.9 -0.00116867
0.905 -0.00108773
0.91 -0.00100908
0.915 -0.000932795
0.92 -0.000858932
0.925 -0.000787563
0.93 -0.000718758
0.935 -0.000652587
0.94 -0.00058912
0.945 -0.000528427
0.95 -0.00047058
0.955 -0.000415646
0.96 -0.000363691
0.965 -0.000314769
0.97 -0.000268906
0.975 -0.000226071
0.98 -0.000186092
0.985 -0.000148476
0.99 -0.000112001
0.995 -7.37708e-05
1 -2.68488e-05
1.005 2.68488e-05
