0 -0.705009
0.005 0.705009
0.01 2.1164
0.015 3.52916
0.02 4.94328
0.025 6.35875
0.03 7.77557
0.035 9.19372
0.04 10.6132
0.045 12.034
0.05 13.4561
0.055 14.8796
0.06 16.3043
0.065 17.7304
0.07 19.1577
0.075 20.5863
0.08 22.0162
0.085 23.4474
0.09 24.8798
0.095 26.3135
0.1 27.7485
0.105 29.1846
0.11 30.6221
0.115 32.0607
0.12 33.5006
0.125 34.9417
0.13 36.3839
0.135 37.8274
0.14 39.2721
0.145 40.718
0.15 42.1651
0.155 43.6133
0.16 45.0627
0.165 46.5132
0.17 47.9649
0.175 49.4178
0.18 50.8717
0.185 52.3269
0.19 53.7831
0.195 55.2404
0.2 56.6989
0.205 58.1584
0.21 59.6191
0.215 61.0808
0.22 62.5436
0.225 64.0075
0.23 65.4725
0.235 66.9385
0.24 68.4055
0.245 69.8736
0.25 71.3427
0.255 72.8129
0.26 74.284
0.265 75.7562
0.27 77.2294
0.275 78.7036
0.28 80.1788
0.285 81.6549
0.29 83.132
0.295 84.6101
0.3 86.0892
0.305 87.5692
0.31 89.0502
0.315 90.532
0.32 92.0149
0.325 93.4986
0.33 94.9832
0.335 96.4688
0.34 97.9553
0.345 99.4426
0.35 100.931
0.355 102.42
0.36 103.91
0.365 105.401
0.37 106.892
0.375 108.385
0.38 109.878
0.385 111.373
0.39 112.868
0.395 114.363
0.4 115.86
0.405 117.358
0.41 118.856
0.415 120.355
0.42 121.855
0.425 123.355
0.43 124.857
0.435 126.359
0.44 127.862
0.445 129.365
0.45 130.87
0.455 132.375
0.46 133.88
0.465 135.387
0.47 136.894
0.475 138.402
0.48 139.91
0.485 141.42
0.49 142.93
0.495 144.44
0.5 145.951
0.505 147.463
0.51 148.976
0.515 150.489
0.52 152.003
0.525 153.517
0.53 155.032
0.535 156.548
0.54 158.064
0.545 159.581
0.55 161.098
0.555 162.616
0.56 164.135
0.565 165.654
0.57 167.174
0.575 168.694
0.58 170.215
0.585 171.736
0.59 173.258
0.595 174.78
0.6 176.303
0.605 177.827
0.61 179.35
0.615 180.875
0.62 182.4
0.625 183.925
0.63 185.451
0.635 186.977
0.64 188.504
0.645 190.031
0.65 191.558
0.655 193.086
0.66 194.615
0.665 196.144
0.67 197.673
0.675 199.203
0.68 200.733
0.685 202.263
0.69 203.794
0.695 205.326
0.7 206.857
0.705 208.389
0.71 209.922
0.715 211.455
0.72 212.988
0.725 214.521
0.73 216.055
0.735 217.589
0.74 219.123
0.745 220.658
0.75 222.193
0.755 223.729
0.76 225.264
0.765 226.8
0.77 228.336
0.775 229.873
0.78 231.41
0.785 232.947
0.79 234.484
0.795 236.022
0.8 237.56
0.805 239.098
0.81 240.636
0.815 242.175
0.82 243.714
0.825 245.253
0.83 246.792
0.835 248.332
0.84 249.871
0.845 251.411
0.85 252.951
0.855 254.492
0.86 256.032
0.865 257.573
0.87 259.114
0.875 260.655
0.88 262.196
0.885 263.738
0.89 265.279
0.895 266.821
0.9 268.363
0.905 269.905
0.91 271.447
0.915 272.989
0.92 274.532
0.925 276.074
0.93 277.617
0.935 279.16
0.94 280.703
0.945 282.246
0.95 283.789
0.955 285.333
0.96 286.876
0.965 288.42
0.97 289.964
0.975 291.507
0.98 293.051
0.985 294.595
0.99 296.139
0.995 297.684
1 299.228
1.005 300.772
