0 0.00151738
0.005 0.00151687
0.01 0.00151637
0.015 0.00151588
0.02 0.00151539
0.025 0.0015149
0.03 0.00151442
0.035 0.00151395
0.04 0.00151348
0.045 0.00151302
0.05 0.00151256
0.055 0.0015121
0.06 0.00151165
0.065 0.00151121
0.07 0.00151077
0.075 0.00151034
0.08 0.00150991
0.085 0.00150948
0.09 0.00150907
0.095 0.00150865
0.1 0.00150824
0.105 0.00150784
0.11 0.00150744
0.115 0.00150705
0.12 0.00150666
0.125 0.00150628
0.13 0.0015059
0.135 0.00150553
0.14 0.00150516
0.145 0.0015048
0.15 0.00150444
0.155 0.00150409
0.16 0.00150374
0.165 0.0015034
0.17 0.00150306
0.175 0.00150273
0.18 0.0015024
0.185 0.00150208
0.19 0.00150176
0.195 0.00150145
0.2 0.00150114
0.205 0.00150084
0.21 0.00150054
0.215 0.00150025
0.22 0.00149996
0.225 0.00149968
0.23 0.0014994
0.235 0.00149912
0.24 0.00149886
0.245 0.00149859
0.25 0.00149834
0.255 0.00149808
0.26 0.00149784
0.265 0.00149759
0.27 0.00149736
0.275 0.00149712
0.28 0.0014969
0.285 0.00149667
0.29 0.00149645
0.295 0.00149624
0.3 0.00149603
0.305 0.00149583
0.31 0.00149563
0.315 0.00149544
0.32 0.00149525
0.325 0.00149507
0.33 0.00149489
0.335 0.00149472
0.34 0.00149455
0.345 0.00149439
0.35 0.00149423
0.355 0.00149407
0.36 0.00149393
0.365 0.00149378
0.37 0.00149364
0.375 0.00149351
0.38 0.00149338
0.385 0.00149326
0.39 0.00149314
0.395 0.00149303
0.4 0.00149292
0.405 0.00149281
0.41 0.00149272
0.415 0.00149262
0.42 0.00149253
0.425 0.00149245
0.43 0.00149237
0.435 0.0014923
0.44 0.00149223
0.445 0.00149216
0.45 0.00149211
0.455 0.00149205
0.46 0.001492
0.465 0.00149196
0.47 0.00149192
0.475 0.00149189
0.48 0.00149186
0.485 0.00149183
0.49 0.00149181
0.495 0.0014918
0.5 0.00149179
0.505 0.00149179
0.51 0.00149179
0.515 0.00149179
0.52 0.00149181
0.525 0.00149182
0.53 0.00149184
0.535 0.00149187
0.54 0.0014919
0.545 0.00149194
0.55 0.00149198
0.555 0.00149202
0.56 0.00149207
0.565 0.00149213
0.57 0.00149219
0.575 0.00149226
0.58 0.00149233
0.585 0.00149241
0.59 0.00149249
0.595 0.00149257
0.6 0.00149266
0.605 0.00149276
0.61 0.00149286
0.615 0.00149297
0.62 0.00149308
0.625 0.0014932
0.63 0.00149332
0.635 0.00149345
0.64 0.00149358
0.645 0.00149372
0.65 0.00149386
0.655 0.00149401
0.66 0.00149416
0.665 0.00149432
0.67 0.00149448
0.675 0.00149465
0.68 0.00149482
0.685 0.001495
0.69 0.00149518
0.695 0.00149537
0.7 0.00149556
0.705 0.00149576
0.71 0.00149596
0.715 0.00149617
0.72 0.00149639
0.725 0.00149661
0.73 0.00149683
0.735 0.00149706
0.74 0.0014973
0.745 0.00149754
0.75 0.00149778
0.755 0.00149803
0.76 0.00149829
0.765 0.00149855
0.77 0.00149882
0.775 0.00149909
0.78 0.00149936
0.785 0.00149965
0.79 0.00149993
0.795 0.00150023
0.8 0.00150052
0.805 0.00150083
0.81 0.00150113
0.815 0.00150145
0.82 0.00150177
0.825 0.00150209
0.83 0.00150242
0.835 0.00150276
0.84 0.0015031
0.845 0.00150344
0.85 0.00150379
0.855 0.00150415
0.86 0.00150451
0.865 0.00150488
0.87 0.00150525
0.875 0.00150563
0.88 0.00150601
0.885 0.0015064
0.89 0.0015068
0.895 0.0015072
0.9 0.0015076
0.905 0.00150801
0.91 0.00150843
0.915 0.00150885
0.92 0.00150928
0.925 0.00150971
0.93 0.00151015
0.935 0.00151059
0.94 0.00151104
0.945 0.00151149
0.95 0.00151195
0.955 0.00151242
0.96 0.00151289
0.965 0.00151337
0.97 0.00151385
0.975 0.00151434
0.98 0.00151483
0.985 0.00151533
0.99 0.00151583
0.995 0.00151635
1 0.00151686
1.005 0.00151738
