0 0.0288302
0.005 0.0288206
0.01 0.0288111
0.015 0.0288017
0.02 0.0287924
0.025 0.0287832
0.03 0.028774
0.035 0.028765
0.04 0.0287561
0.045 0.0287473
0.05 0.0287386
0.055 0.0287299
0.06 0.0287214
0.065 0.028713
0.07 0.0287046
0.075 0.0286964
0.08 0.0286882
0.085 0.0286802
0.09 0.0286723
0.095 0.0286644
0.1 0.0286566
0.105 0.028649
0.11 0.0286414
0.115 0.0286339
0.12 0.0286266
0.125 0.0286193
0.13 0.0286121
0.135 0.028605
0.14 0.028598
0.145 0.0285912
0.15 0.0285844
0.155 0.0285777
0.16 0.028571
0.165 0.0285645
0.17 0.0285581
0.175 0.0285518
0.18 0.0285456
0.185 0.0285394
0.19 0.0285334
0.195 0.0285275
0.2 0.0285216
0.205 0.0285159
0.21 0.0285102
0.215 0.0285047
0.22 0.0284992
0.225 0.0284938
0.23 0.0284886
0.235 0.0284834
0.24 0.0284783
0.245 0.0284733
0.25 0.0284684
0.255 0.0284636
0.26 0.0284589
0.265 0.0284543
0.27 0.0284498
0.275 0.0284453
0.28 0.028441
0.285 0.0284368
0.29 0.0284326
0.295 0.0284286
0.3 0.0284246
0.305 0.0284208
0.31 0.028417
0.315 0.0284134
0.32 0.0284098
0.325 0.0284063
0.33 0.0284029
0.335 0.0283996
0.34 0.0283964
0.345 0.0283933
0.35 0.0283903
0.355 0.0283874
0.36 0.0283846
0.365 0.0283819
0.37 0.0283792
0.375 0.0283767
0.38 0.0283743
0.385 0.0283719
0.39 0.0283697
0.395 0.0283675
0.4 0.0283654
0.405 0.0283635
0.41 0.0283616
0.415 0.0283598
0.42 0.0283581
0.425 0.0283565
0.43 0.0283551
0.435 0.0283537
0.44 0.0283523
0.445 0.0283511
0.45 0.02835
0.455 0.028349
0.46 0.0283481
0.465 0.0283472
0.47 0.0283465
0.475 0.0283458
0.48 0.0283453
0.485 0.0283448
0.49 0.0283445
0.495 0.0283442
0.5 0.028344
0.505 0.028344
0.51 0.028344
0.515 0.0283441
0.52 0.0283443
0.525 0.0283446
0.53 0.028345
0.535 0.0283455
0.54 0.0283461
0.545 0.0283468
0.55 0.0283476
0.555 0.0283484
0.56 0.0283494
0.565 0.0283505
0.57 0.0283516
0.575 0.0283529
0.58 0.0283543
0.585 0.0283557
0.59 0.0283572
0.595 0.0283589
0.6 0.0283606
0.605 0.0283625
0.61 0.0283644
0.615 0.0283664
0.62 0.0283685
0.625 0.0283708
0.63 0.0283731
0.635 0.0283755
0.64 0.028378
0.645 0.0283806
0.65 0.0283833
0.655 0.0283861
0.66 0.028389
0.665 0.028392
0.67 0.0283951
0.675 0.0283983
0.68 0.0284016
0.685 0.0284049
0.69 0.0284084
0.695 0.028412
0.7 0.0284157
0.705 0.0284195
0.71 0.0284233
0.715 0.0284273
0.72 0.0284314
0.725 0.0284355
0.73 0.0284398
0.735 0.0284442
0.74 0.0284486
0.745 0.0284532
0.75 0.0284579
0.755 0.0284626
0.76 0.0284675
0.765 0.0284724
0.77 0.0284775
0.775 0.0284827
0.78 0.0284879
0.785 0.0284933
0.79 0.0284987
0.795 0.0285043
0.8 0.0285099
0.805 0.0285157
0.81 0.0285216
0.815 0.0285275
0.82 0.0285336
0.825 0.0285397
0.83 0.028546
0.835 0.0285524
0.84 0.0285588
0.845 0.0285654
0.85 0.0285721
0.855 0.0285788
0.86 0.0285857
0.865 0.0285927
0.87 0.0285998
0.875 0.028607
0.88 0.0286142
0.885 0.0286216
0.89 0.0286291
0.895 0.0286367
0.9 0.0286444
0.905 0.0286522
0.91 0.0286601
0.915 0.0286681
0.92 0.0286762
0.925 0.0286845
0.93 0.0286928
0.935 0.0287012
0.94 0.0287097
0.945 0.0287184
0.95 0.0287271
0.955 0.028736
0.96 0.0287449
0.965 0.028754
0.97 0.0287631
0.975 0.0287724
0.98 0.0287818
0.985 0.0287913
0.99 0.0288009
0.995 0.0288106
1 0.0288204
1.005 0.0288303
