0 -1.43216
0.01 1.43216
0.02 4.29656
0.03 7.1611
0.04 10.0259
0.05 12.8909
0.06 15.7563
0.07 18.6222
0.08 21.4886
0.09 24.3555
0.1 27.2231
0.11 30.0915
0.12 32.9607
0.13 35.8307
0.14 38.7018
0.15 41.5738
0.16 44.447
0.17 47.3214
0.18 50.197
0.19 53.0739
0.2 55.9523
0.21 58.8322
0.22 61.7136
0.23 64.5967
0.24 67.4815
0.25 70.3681
0.26 73.2566
0.27 76.1471
0.28 79.0395
0.29 81.9341
0.3 84.8309
0.31 87.73
0.32 90.6315
0.33 93.5353
0.34 96.4417
0.35 99.3507
0.36 102.262
0.37 105.177
0.38 108.094
0.39 111.014
0.4 113.938
0.41 116.864
0.42 119.794
0.43 122.726
0.44 125.663
0.45 128.602
0.46 131.546
0.47 134.492
0.48 137.443
0.49 140.397
0.5 143.356
0.51 146.318
0.52 149.284
0.53 152.255
0.54 155.23
0.55 158.209
0.56 161.193
0.57 164.182
0.58 167.175
0.59 170.173
0.6 173.175
0.61 176.183
0.62 179.196
0.63 182.214
0.64 185.237
0.65 188.266
0.66 191.301
0.67 194.341
0.68 197.386
0.69 200.438
0.7 203.496
0.71 206.559
0.72 209.629
0.73 212.706
0.74 215.789
0.75 218.878
0.76 221.974
0.77 225.077
0.78 228.187
0.79 231.304
0.8 234.428
0.81 237.56
0.82 240.699
0.83 243.846
0.84 247.001
0.85 250.164
0.86 253.334
0.87 256.513
0.88 259.701
0.89 262.897
0.9 266.101
0.91 269.315
0.92 272.538
0.93 275.769
0.94 279.01
0.95 282.261
0.96 285.52
0.97 288.788
0.98 292.058
0.99 295.314
1 298.492
1.01 301.508
