0 0
0.01 0
0.02 0
0.03 0
0.04 0
0.05 0
0.06 0
0.07 0
0.08 0
0.09 0
0.1 0
0.11 0
0.12 0
0.13 0
0.14 0
0.15 0
0.16 0
0.17 0
0.18 0
0.19 0
0.2 0
0.21 0
0.22 0
0.23 0
0.24 0
0.25 0
0.26 0
0.27 0
0.28 0
0.29 0
0.3 3.85673e-07
0.31 0.000198062
0.32 0.000766867
0.33 0.00264594
0.34 0.00635088
0.35 0.0136413
0.36 0.0249074
0.37 0.0418474
0.38 0.0641289
0.39 0.0926645
0.4 0.126517
0.41 0.16586
0.42 0.209627
0.43 0.257587
0.44 0.308817
0.45 0.3629
0.46 0.419055
0.47 0.476721
0.48 0.535104
0.49 0.593401
0.5 0.650566
0.51 0.705387
0.52 0.756398
0.53 0.802018
0.54 0.840746
0.55 0.871538
0.56 0.894166
0.57 0.909334
0.58 0.918424
0.59 0.923191
0.6 0.925533
0.61 0.925311
0.62 0.911723
0.63 0.854474
0.64 0.717772
0.65 0.497387
0.66 0.255004
0.67 0.0897342
0.68 0.0225472
0.69 0.0041029
0.7 0.000479371
0.71 3.577e-07
0.72 0
0.73 0
0.74 0
0.75 0
0.76 0
0.77 0
0.78 0
0.79 0
0.8 0
0.81 0
0.82 0
0.83 0
0.84 0
0.85 0
0.86 0
0.87 0
0.88 0
0.89 0
0.9 0
0.91 0
0.92 0
0.93 0
0.94 0
0.95 0
0.96 0
0.97 0
0.98 0
0.99 0
1 0
1.01 0
