0 0.0411032
0.005 0.0410894
0.01 0.0410758
0.015 0.0410622
0.02 0.0410489
0.025 0.0410356
0.03 0.0410225
0.035 0.0410096
0.04 0.0409968
0.045 0.0409841
0.05 0.0409716
0.055 0.0409592
0.06 0.0409469
0.065 0.0409348
0.07 0.0409228
0.075 0.040911
0.08 0.0408993
0.085 0.0408877
0.09 0.0408763
0.095 0.040865
0.1 0.0408539
0.105 0.0408428
0.11 0.040832
0.115 0.0408212
0.12 0.0408106
0.125 0.0408002
0.13 0.0407899
0.135 0.0407797
0.14 0.0407696
0.145 0.0407597
0.15 0.04075
0.155 0.0407403
0.16 0.0407308
0.165 0.0407215
0.17 0.0407123
0.175 0.0407032
0.18 0.0406942
0.185 0.0406854
0.19 0.0406767
0.195 0.0406682
0.2 0.0406598
0.205 0.0406515
0.21 0.0406434
0.215 0.0406354
0.22 0.0406276
0.225 0.0406199
0.23 0.0406123
0.235 0.0406048
0.24 0.0405975
0.245 0.0405903
0.25 0.0405833
0.255 0.0405764
0.26 0.0405696
0.265 0.040563
0.27 0.0405565
0.275 0.0405502
0.28 0.0405439
0.285 0.0405379
0.29 0.0405319
0.295 0.0405261
0.3 0.0405204
0.305 0.0405149
0.31 0.0405095
0.315 0.0405042
0.32 0.0404991
0.325 0.0404941
0.33 0.0404892
0.335 0.0404845
0.34 0.0404799
0.345 0.0404754
0.35 0.0404711
0.355 0.0404669
0.36 0.0404629
0.365 0.0404589
0.37 0.0404552
0.375 0.0404515
0.38 0.040448
0.385 0.0404446
0.39 0.0404414
0.395 0.0404383
0.4 0.0404353
0.405 0.0404325
0.41 0.0404298
0.415 0.0404272
0.42 0.0404248
0.425 0.0404225
0.43 0.0404204
0.435 0.0404184
0.44 0.0404165
0.445 0.0404147
0.45 0.0404131
0.455 0.0404117
0.46 0.0404103
0.465 0.0404091
0.47 0.040408
0.475 0.0404071
0.48 0.0404063
0.485 0.0404057
0.49 0.0404052
0.495 0.0404048
0.5 0.0404045
0.505 0.0404044
0.51 0.0404044
0.515 0.0404046
0.52 0.0404049
0.525 0.0404053
0.53 0.0404059
0.535 0.0404066
0.54 0.0404075
0.545 0.0404084
0.55 0.0404096
0.555 0.0404108
0.56 0.0404122
0.565 0.0404138
0.57 0.0404154
0.575 0.0404172
0.58 0.0404192
0.585 0.0404213
0.59 0.0404235
0.595 0.0404258
0.6 0.0404283
0.605 0.040431
0.61 0.0404337
0.615 0.0404367
0.62 0.0404397
0.625 0.0404429
0.63 0.0404462
0.635 0.0404497
0.64 0.0404533
0.645 0.040457
0.65 0.0404609
0.655 0.0404649
0.66 0.0404691
0.665 0.0404734
0.67 0.0404778
0.675 0.0404824
0.68 0.0404871
0.685 0.040492
0.69 0.040497
0.695 0.0405022
0.7 0.0405074
0.705 0.0405129
0.71 0.0405184
0.715 0.0405241
0.72 0.04053
0.725 0.040536
0.73 0.0405421
0.735 0.0405484
0.74 0.0405548
0.745 0.0405613
0.75 0.040568
0.755 0.0405749
0.76 0.0405819
0.765 0.040589
0.77 0.0405963
0.775 0.0406037
0.78 0.0406112
0.785 0.0406189
0.79 0.0406268
0.795 0.0406348
0.8 0.0406429
0.805 0.0406512
0.81 0.0406596
0.815 0.0406681
0.82 0.0406769
0.825 0.0406857
0.83 0.0406947
0.835 0.0407039
0.84 0.0407132
0.845 0.0407226
0.85 0.0407322
0.855 0.0407419
0.86 0.0407518
0.865 0.0407618
0.87 0.040772
0.875 0.0407823
0.88 0.0407928
0.885 0.0408034
0.89 0.0408142
0.895 0.0408251
0.9 0.0408362
0.905 0.0408474
0.91 0.0408587
0.915 0.0408702
0.92 0.0408819
0.925 0.0408937
0.93 0.0409057
0.935 0.0409178
0.94 0.0409301
0.945 0.0409425
0.95 0.0409551
0.955 0.0409678
0.96 0.0409807
0.965 0.0409937
0.97 0.0410069
0.975 0.0410202
0.98 0.0410337
0.985 0.0410473
0.99 0.0410611
0.995 0.0410751
1 0.0410892
1.005 0.0411034
