0 0.000411032
0.005 0.000410894
0.01 0.000410758
0.015 0.000410622
0.02 0.000410489
0.025 0.000410356
0.03 0.000410225
0.035 0.000410096
0.04 0.000409968
0.045 0.000409841
0.05 0.000409716
0.055 0.000409592
0.06 0.000409469
0.065 0.000409348
0.07 0.000409228
0.075 0.00040911
0.08 0.000408993
0.085 0.000408877
0.09 0.000408763
0.095 0.00040865
0.1 0.000408539
0.105 0.000408428
0.11 0.00040832
0.115 0.000408212
0.12 0.000408106
0.125 0.000408002
0.13 0.000407899
0.135 0.000407797
0.14 0.000407696
0.145 0.000407597
0.15 0.0004075
0.155 0.000407403
0.16 0.000407308
0.165 0.000407215
0.17 0.000407123
0.175 0.000407032
0.18 0.000406942
0.185 0.000406854
0.19 0.000406767
0.195 0.000406682
0.2 0.000406598
0.205 0.000406515
0.21 0.000406434
0.215 0.000406354
0.22 0.000406276
0.225 0.000406199
0.23 0.000406123
0.235 0.000406048
0.24 0.000405975
0.245 0.000405903
0.25 0.000405833
0.255 0.000405764
0.26 0.000405696
0.265 0.00040563
0.27 0.000405565
0.275 0.000405502
0.28 0.000405439
0.285 0.000405379
0.29 0.000405319
0.295 0.000405261
0.3 0.000405204
0.305 0.000405149
0.31 0.000405095
0.315 0.000405042
0.32 0.000404991
0.325 0.000404941
0.33 0.000404892
0.335 0.000404845
0.34 0.000404799
0.345 0.000404754
0.35 0.000404711
0.355 0.000404669
0.36 0.000404629
0.365 0.000404589
0.37 0.000404552
0.375 0.000404515
0.38 0.00040448
0.385 0.000404446
0.39 0.000404414
0.395 0.000404383
0.4 0.000404353
0.405 0.000404325
0.41 0.000404298
0.415 0.000404272
0.42 0.000404248
0.425 0.000404225
0.43 0.000404204
0.435 0.000404184
0.44 0.000404165
0.445 0.000404147
0.45 0.000404131
0.455 0.000404117
0.46 0.000404103
0.465 0.000404091
0.47 0.00040408
0.475 0.000404071
0.48 0.000404063
0.485 0.000404057
0.49 0.000404052
0.495 0.000404048
0.5 0.000404045
0.505 0.000404044
0.51 0.000404044
0.515 0.000404046
0.52 0.000404049
0.525 0.000404053
0.53 0.000404059
0.535 0.000404066
0.54 0.000404075
0.545 0.000404084
0.55 0.000404096
0.555 0.000404108
0.56 0.000404122
0.565 0.000404138
0.57 0.000404154
0.575 0.000404172
0.58 0.000404192
0.585 0.000404213
0.59 0.000404235
0.595 0.000404258
0.6 0.000404283
0.605 0.00040431
0.61 0.000404337
0.615 0.000404367
0.62 0.000404397
0.625 0.000404429
0.63 0.000404462
0.635 0.000404497
0.64 0.000404533
0.645 0.00040457
0.65 0.000404609
0.655 0.000404649
0.66 0.000404691
0.665 0.000404734
0.67 0.000404778
0.675 0.000404824
0.68 0.000404871
0.685 0.00040492
0.69 0.00040497
0.695 0.000405022
0.7 0.000405074
0.705 0.000405129
0.71 0.000405184
0.715 0.000405241
0.72 0.0004053
0.725 0.00040536
0.73 0.000405421
0.735 0.000405484
0.74 0.000405548
0.745 0.000405613
0.75 0.00040568
0.755 0.000405749
0.76 0.000405819
0.765 0.00040589
0.77 0.000405963
0.775 0.000406037
0.78 0.000406112
0.785 0.000406189
0.79 0.000406268
0.795 0.000406348
0.8 0.000406429
0.805 0.000406512
0.81 0.000406596
0.815 0.000406681
0.82 0.000406769
0.825 0.000406857
0.83 0.000406947
0.835 0.000407039
0.84 0.000407132
0.845 0.000407226
0.85 0.000407322
0.855 0.000407419
0.86 0.000407518
0.865 0.000407618
0.87 0.00040772
0.875 0.000407823
0.88 0.000407928
0.885 0.000408034
0.89 0.000408142
0.895 0.000408251
0.9 0.000408362
0.905 0.000408474
0.91 0.000408587
0.915 0.000408702
0.92 0.000408819
0.925 0.000408937
0.93 0.000409057
0.935 0.000409178
0.94 0.000409301
0.945 0.000409425
0.95 0.000409551
0.955 0.000409678
0.96 0.000409807
0.965 0.000409937
0.97 0.000410069
0.975 0.000410202
0.98 0.000410337
0.985 0.000410473
0.99 0.000410611
0.995 0.000410751
1 0.000410892
1.005 0.000411034
