0 0.0406922
0.005 0.0406785
0.01 0.040665
0.015 0.0406516
0.02 0.0406384
0.025 0.0406253
0.03 0.0406123
0.035 0.0405995
0.04 0.0405868
0.045 0.0405743
0.05 0.0405618
0.055 0.0405496
0.06 0.0405374
0.065 0.0405254
0.07 0.0405136
0.075 0.0405019
0.08 0.0404903
0.085 0.0404788
0.09 0.0404675
0.095 0.0404563
0.1 0.0404453
0.105 0.0404344
0.11 0.0404237
0.115 0.040413
0.12 0.0404025
0.125 0.0403922
0.13 0.040382
0.135 0.0403719
0.14 0.0403619
0.145 0.0403521
0.15 0.0403425
0.155 0.0403329
0.16 0.0403235
0.165 0.0403143
0.17 0.0403051
0.175 0.0402961
0.18 0.0402873
0.185 0.0402786
0.19 0.04027
0.195 0.0402615
0.2 0.0402532
0.205 0.040245
0.21 0.040237
0.215 0.0402291
0.22 0.0402213
0.225 0.0402137
0.23 0.0402062
0.235 0.0401988
0.24 0.0401915
0.245 0.0401844
0.25 0.0401775
0.255 0.0401706
0.26 0.0401639
0.265 0.0401574
0.27 0.040151
0.275 0.0401447
0.28 0.0401385
0.285 0.0401325
0.29 0.0401266
0.295 0.0401208
0.3 0.0401152
0.305 0.0401097
0.31 0.0401044
0.315 0.0400992
0.32 0.0400941
0.325 0.0400891
0.33 0.0400843
0.335 0.0400796
0.34 0.0400751
0.345 0.0400707
0.35 0.0400664
0.355 0.0400622
0.36 0.0400582
0.365 0.0400543
0.37 0.0400506
0.375 0.040047
0.38 0.0400435
0.385 0.0400402
0.39 0.040037
0.395 0.0400339
0.4 0.040031
0.405 0.0400282
0.41 0.0400255
0.415 0.040023
0.42 0.0400206
0.425 0.0400183
0.43 0.0400162
0.435 0.0400142
0.44 0.0400123
0.445 0.0400106
0.45 0.040009
0.455 0.0400075
0.46 0.0400062
0.465 0.040005
0.47 0.040004
0.475 0.040003
0.48 0.0400023
0.485 0.0400016
0.49 0.0400011
0.495 0.0400007
0.5 0.0400005
0.505 0.0400004
0.51 0.0400004
0.515 0.0400006
0.52 0.0400008
0.525 0.0400013
0.53 0.0400018
0.535 0.0400026
0.54 0.0400034
0.545 0.0400044
0.55 0.0400055
0.555 0.0400067
0.56 0.0400081
0.565 0.0400096
0.57 0.0400113
0.575 0.0400131
0.58 0.040015
0.585 0.040017
0.59 0.0400192
0.595 0.0400216
0.6 0.040024
0.605 0.0400267
0.61 0.0400294
0.615 0.0400323
0.62 0.0400353
0.625 0.0400385
0.63 0.0400418
0.635 0.0400452
0.64 0.0400488
0.645 0.0400525
0.65 0.0400563
0.655 0.0400603
0.66 0.0400644
0.665 0.0400687
0.67 0.0400731
0.675 0.0400776
0.68 0.0400823
0.685 0.0400871
0.69 0.040092
0.695 0.0400971
0.7 0.0401024
0.705 0.0401077
0.71 0.0401132
0.715 0.0401189
0.72 0.0401247
0.725 0.0401306
0.73 0.0401367
0.735 0.0401429
0.74 0.0401492
0.745 0.0401557
0.75 0.0401624
0.755 0.0401691
0.76 0.040176
0.765 0.0401831
0.77 0.0401903
0.775 0.0401976
0.78 0.0402051
0.785 0.0402127
0.79 0.0402205
0.795 0.0402284
0.8 0.0402365
0.805 0.0402447
0.81 0.040253
0.815 0.0402615
0.82 0.0402701
0.825 0.0402789
0.83 0.0402878
0.835 0.0402968
0.84 0.040306
0.845 0.0403154
0.85 0.0403249
0.855 0.0403345
0.86 0.0403443
0.865 0.0403542
0.87 0.0403643
0.875 0.0403745
0.88 0.0403849
0.885 0.0403954
0.89 0.040406
0.895 0.0404168
0.9 0.0404278
0.905 0.0404389
0.91 0.0404501
0.915 0.0404615
0.92 0.0404731
0.925 0.0404848
0.93 0.0404966
0.935 0.0405086
0.94 0.0405208
0.945 0.0405331
0.95 0.0405455
0.955 0.0405581
0.96 0.0405709
0.965 0.0405837
0.97 0.0405968
0.975 0.04061
0.98 0.0406234
0.985 0.0406369
0.99 0.0406505
0.995 0.0406643
1 0.0406783
1.005 0.0406924
