0 10785.1
0.005 10785.1
0.01 10785.1
0.015 10785.1
0.02 10785.1
0.025 10785.1
0.03 10785.1
0.035 10785.1
0.04 10785.1
0.045 10785.1
0.05 10785.1
0.055 10785.1
0.06 10785.1
0.065 10785.1
0.07 10785.1
0.075 10785.1
0.08 10785.1
0.085 10785.1
0.09 10785.1
0.095 10785.1
0.1 10785.1
0.105 10785.1
0.11 10785.1
0.115 10785.1
0.12 10785.1
0.125 10785.1
0.13 10785.1
0.135 10785.1
0.14 10785.1
0.145 10785.1
0.15 10785.1
0.155 10785.1
0.16 10785.1
0.165 10785.1
0.17 10785.1
0.175 10785.1
0.18 10785.1
0.185 10785.1
0.19 10785.1
0.195 10785.1
0.2 10785.1
0.205 10785.1
0.21 10785.1
0.215 10785.1
0.22 10785.1
0.225 10785.1
0.23 10785.1
0.235 10785.1
0.24 10785.1
0.245 10785.1
0.25 10785.1
0.255 10785.1
0.26 10785.1
0.265 10785.1
0.27 10785.1
0.275 10785.1
0.28 10785.1
0.285 10785.1
0.29 10785.1
0.295 10785.1
0.3 10785.1
0.305 10785.1
0.31 10785.1
0.315 10785.1
0.32 10785.1
0.325 10785.1
0.33 10785.1
0.335 10785.1
0.34 10785.1
0.345 10785.1
0.35 10785.1
0.355 10785.1
0.36 10785.1
0.365 10785.1
0.37 10785.1
0.375 10785.1
0.38 10785.1
0.385 10785.1
0.39 10785.1
0.395 10785.1
0.4 10785.1
0.405 10785.1
0.41 10785.1
0.415 10785.1
0.42 10785.1
0.425 10785.1
0.43 10785.1
0.435 10785.1
0.44 10785.1
0.445 10785.1
0.45 10785.1
0.455 10785.1
0.46 10785.1
0.465 10785.1
0.47 10785.1
0.475 10785.1
0.48 10785.1
0.485 10785.1
0.49 10785.1
0.495 10785.1
0.5 10785.1
0.505 10785.1
0.51 10785.1
0.515 10785.1
0.52 10785.1
0.525 10785.1
0.53 10785.1
0.535 10785.1
0.54 10785.1
0.545 10785.1
0.55 10785.1
0.555 10785.1
0.56 10785.1
0.565 10785.1
0.57 10785.1
0.575 10785.1
0.58 10785.1
0.585 10785.1
0.59 10785.1
0.595 10785.1
0.6 10785.1
0.605 10785.1
0.61 10785.1
0.615 10785.1
0.62 10785.1
0.625 10785.1
0.63 10785.1
0.635 10785.1
0.64 10785.1
0.645 10785.1
0.65 10785.1
0.655 10785.1
0.66 10785.1
0.665 10785.1
0.67 10785.1
0.675 10785.1
0.68 10785.1
0.685 10785.1
0.69 10785.1
0.695 10785.1
0.7 10785.1
0.705 10785.1
0.71 10785.1
0.715 10785.1
0.72 10785.1
0.725 10785.1
0.73 10785.1
0.735 10785.1
0.74 10785.1
0.745 10785.1
0.75 10785.1
0.755 10785.1
0.76 10785.1
0.765 10785.1
0.77 10785.1
0.775 10785.1
0.78 10785.1
0.785 10785.1
0.79 10785.1
0.795 10785.1
0.8 10785.1
0.805 10785.1
0.81 10785.1
0.815 10785.1
0.82 10785.1
0.825 10785.1
0.83 10785.1
0.835 10785.1
0.84 10785.1
0.845 10785.1
0.85 10785.1
0.855 10785.1
0.86 10785.1
0.865 10785.1
0.87 10785.1
0.875 10785.1
0.88 10785.1
0.885 10785.1
0.89 10785.1
0.895 10785.1
0.9 10785.1
0.905 10785.1
0.91 10785.1
0.915 10785.1
0.92 10785.1
0.925 10785.1
0.93 10785.1
0.935 10785.1
0.94 10785.1
0.945 10785.1
0.95 10785.1
0.955 10785.1
0.96 10785.1
0.965 10785.1
0.97 10785.1
0.975 10785.1
0.98 10785.1
0.985 10785.1
0.99 10785.1
0.995 10785.1
1 10785.1
1.005 10785.1
