0 3.08668e-05
0.005 -3.08668e-05
0.01 -9.23902e-05
0.015 -0.000153227
0.02 -0.000213066
0.025 -0.000271805
0.03 -0.000329416
0.035 -0.000385893
0.04 -0.00044124
0.045 -0.000495465
0.05 -0.000548574
0.055 -0.000600577
0.06 -0.000651481
0.065 -0.000701295
0.07 -0.000750026
0.075 -0.000797683
0.08 -0.000844274
0.085 -0.000889808
0.09 -0.000934292
0.095 -0.000977735
0.1 -0.00102015
0.105 -0.00106153
0.11 -0.0011019
0.115 -0.00114126
0.12 -0.00117962
0.125 -0.00121699
0.13 -0.00125338
0.135 -0.00128879
0.14 -0.00132324
0.145 -0.00135672
0.15 -0.00138926
0.155 -0.00142085
0.16 -0.00145151
0.165 -0.00148124
0.17 -0.00151005
0.175 -0.00153796
0.18 -0.00156496
0.185 -0.00159108
0.19 -0.0016163
0.195 -0.00164065
0.2 -0.00166413
0.205 -0.00168676
0.21 -0.00170852
0.215 -0.00172945
0.22 -0.00174954
0.225 -0.0017688
0.23 -0.00178725
0.235 -0.00180488
0.24 -0.00182171
0.245 -0.00183775
0.25 -0.001853
0.255 -0.00186747
0.26 -0.00188118
0.265 -0.00189412
0.27 -0.0019063
0.275 -0.00191775
0.28 -0.00192845
0.285 -0.00193843
0.29 -0.00194769
0.295 -0.00195623
0.3 -0.00196407
0.305 -0.00197122
0.31 -0.00197768
0.315 -0.00198345
0.32 -0.00198856
0.325 -0.00199301
0.33 -0.0019968
0.335 -0.00199994
0.34 -0.00200245
0.345 -0.00200432
0.35 -0.00200558
0.355 -0.00200622
0.36 -0.00200625
0.365 -0.00200569
0.37 -0.00200454
0.375 -0.00200281
0.38 -0.00200051
0.385 -0.00199764
0.39 -0.00199422
0.395 -0.00199025
0.4 -0.00198574
0.405 -0.0019807
0.41 -0.00197514
0.415 -0.00196906
0.42 -0.00196248
0.425 -0.0019554
0.43 -0.00194783
0.435 -0.00193978
0.44 -0.00193125
0.445 -0.00192226
0.45 -0.00191282
0.455 -0.00190292
0.46 -0.00189259
0.465 -0.00188182
0.47 -0.00187063
0.475 -0.00185903
0.48 -0.00184702
0.485 -0.00183461
0.49 -0.00182181
0.495 -0.00180863
0.5 -0.00179508
0.505 -0.00178116
0.51 -0.00176688
0.515 -0.00175226
0.52 -0.00173729
0.525 -0.001722
0.53 -0.00170638
0.535 -0.00169044
0.54 -0.0016742
0.545 -0.00165766
0.55 -0.00164083
0.555 -0.00162372
0.56 -0.00160633
0.565 -0.00158868
0.57 -0.00157077
0.575 -0.00155262
0.58 -0.00153422
0.585 -0.00151559
0.59 -0.00149674
0.595 -0.00147768
0.6 -0.00145841
0.605 -0.00143894
0.61 -0.00141928
0.615 -0.00139944
0.62 -0.00137942
0.625 -0.00135925
0.63 -0.00133891
0.635 -0.00131843
0.64 -0.00129782
0.645 -0.00127707
0.65 -0.00125619
0.655 -0.00123521
0.66 -0.00121412
0.665 -0.00119293
0.67 -0.00117166
0.675 -0.0011503
0.68 -0.00112888
0.685 -0.00110739
0.69 -0.00108585
0.695 -0.00106426
0.7 -0.00104263
0.705 -0.00102098
0.71 -0.000999303
0.715 -0.000977617
0.72 -0.000955929
0.725 -0.000934246
0.73 -0.000912577
0.735 -0.00089093
0.74 -0.000869315
0.745 -0.00084774
0.75 -0.000826214
0.755 -0.000804744
0.76 -0.00078334
0.765 -0.00076201
0.77 -0.000740764
0.775 -0.000719608
0.78 -0.000698553
0.785 -0.000677607
0.79 -0.000656778
0.795 -0.000636076
0.8 -0.000615508
0.805 -0.000595084
0.81 -0.000574812
0.815 -0.000554701
0.82 -0.00053476
0.825 -0.000514997
0.83 -0.000495421
0.835 -0.00047604
0.84 -0.000456865
0.845 -0.000437903
0.85 -0.000419163
0.855 -0.000400654
0.86 -0.000382384
0.865 -0.000364363
0.87 -0.0003466
0.875 -0.000329102
0.88 -0.00031188
0.885 -0.000294941
0.89 -0.000278295
0.895 -0.000261951
0.9 -0.000245917
0.905 -0.000230202
0.91 -0.000214816
0.915 -0.000199767
0.92 -0.000185064
0.925 -0.000170715
0.93 -0.000156731
0.935 -0.00014312
0.94 -0.000129891
0.945 -0.000117053
0.95 -0.000104615
0.955 -9.25853e-05
0.96 -8.09739e-05
0.965 -6.97896e-05
0.97 -5.90412e-05
0.975 -4.87375e-05
0.98 -3.88867e-05
0.985 -2.94953e-05
0.99 -2.05642e-05
0.995 -1.20779e-05
1 -3.97128e-06
1.005 3.97128e-06
